   3.03907933214696e+00
   3.13738707593575e+00
   2.19124459875684e+00
   1.86257464228437e+00
   1.72843701234757e+00
   1.61079559726865e+00
   1.51381756960116e+00
   1.42171048259121e+00
   1.44113029855475e+00
   1.46332336449372e+00
   1.34598409458351e+00
   1.27302929003901e+00
   1.16484395694507e+00
   1.08434269728225e+00
   1.01928668446504e+00
   9.57463550526991e-01
   9.02127306969002e-01
   8.51075900559909e-01
   8.04802463801946e-01
   8.15251151363678e-01
   9.41225832262357e-01
   1.37757204622530e+00
   1.42809008533795e+00
   1.29700581191460e+00
   1.12302766780501e+00
   1.09191856288091e+00
   1.01496831220162e+00
   9.14550664447646e-01
   1.30453720898879e+00
   9.29176724919335e-01
   9.02132659769986e-01
   8.40705092147791e-01
   7.05838831725352e-01
   6.63738062601390e-01
   6.07614259841568e-01
   5.75836778015687e-01
   5.81785551899642e-01
   6.24923312500650e-01
   7.15316007331058e-01
   5.77052970225746e-01
   5.48909788155675e-01
   5.19129838070605e-01
   4.82836961472974e-01
   4.89893967039643e-01
   4.86677056668773e-01
   4.82263565537216e-01
   4.65846578912869e-01
   4.55281708577128e-01
   4.40736033749203e-01
   4.99617648522296e-01
   4.20793291623545e-01
   3.94586695784073e-01
   3.91643177495833e-01
   3.88682844185300e-01
   3.62540291554633e-01
   3.97467086211992e-01
   3.68855597555642e-01
   3.48094336117956e-01
   3.85007466174222e-01
   4.61599425282916e-01
   4.22766156989771e-01
   3.67148489124719e-01
   3.26313521355100e-01
   3.25100177842175e-01
   3.20718611560769e-01
   3.22200692937557e-01
   3.07793948960348e-01
   3.27270907797568e-01
   3.34462762215479e-01
   5.71717162664064e-01
   4.98582068502780e-01
   3.52354891230635e-01
   3.84817154441813e-01
   3.29356831777357e-01
   2.91977389764376e-01
   2.70505253567313e-01
   2.71662827186134e-01
   2.77793427390810e-01
   2.52077899905099e-01
   2.72856308507901e-01
   2.89983214987639e-01
   2.63652719901319e-01
   2.77589588179272e-01
   2.53820714117007e-01
   2.35665274310460e-01
   2.59577017310607e-01
   2.51467151861190e-01
   2.36837346309765e-01
   2.60777810255875e-01
   2.30986569176648e-01
   2.28556894072578e-01
   3.29454037055315e-01
   2.85648363776206e-01
   2.34252064549471e-01
   2.34190271997367e-01
   2.15070917645721e-01
   2.09254307907555e-01
   2.08017960483702e-01
   2.33590558571668e-01
   2.03557690649195e-01
   1.87698866860768e-01
   2.25844881131184e-01
   2.62336618122947e-01
   2.47242564052626e-01
   4.96172355883095e-01
   2.57525630350688e-01
   2.07788452871864e-01
   3.00481706311189e-01
   2.25031394641116e-01
   1.72995332850025e-01
   1.89748587799568e-01
   1.77277871870515e-01
   2.31812014516348e-01
   1.74689149737597e-01
   1.62242250129383e-01
   1.58184989805261e-01
   1.66807498648783e-01
   1.77923347633661e-01
   1.86697101734696e-01
   2.08992202955721e-01
   4.22967329150758e-01
   2.02614039193274e-01
   6.52308692456802e-01
   9.77072705506371e-01
   3.72279915492863e-01
   3.18480388271307e-01
   2.38609432058128e-01
   3.63607465809848e-01
   3.39937154131766e-01
   3.33743170323554e-01
   1.83981474816104e-01
   1.60736592049089e-01
   1.33971181057278e-01
   1.27316312731806e-01
   1.18781373954539e-01
   1.15602483535242e-01
   1.14385001263008e-01
   1.11429967420893e-01
   1.13442425785850e-01
   1.07271927586154e-01
   1.05949844432940e-01
   9.79491448034269e-02
   1.00199380230912e-01
   9.42763108553978e-02
   9.46524838114232e-02
   8.64876803266499e-02
   8.93874779491385e-02
   8.39463747961809e-02
   8.48292936283635e-02
   7.73699779739431e-02
   7.97252679922541e-02
   7.47657237015366e-02
   7.59979654392486e-02
   7.00578275939920e-02
   7.12437440520150e-02
   6.67879208224582e-02
   6.73929713340159e-02
   6.35138789413226e-02
   6.35696665936725e-02
   6.06249340449643e-02
   6.03082052183105e-02
   5.80852994549818e-02
   5.75513038486050e-02
   5.58225096562318e-02
   5.51680956671163e-02
   5.37673842018563e-02
   5.30495549042567e-02
   5.18717906992338e-02
   5.11247280954403e-02
   5.01038577557741e-02
   4.93495611747245e-02
   4.84428183859649e-02
   4.76971699574087e-02
   4.68764671871662e-02
   4.61518078131610e-02
   4.53989023975026e-02
   4.47042775999347e-02
   4.40073080163174e-02
   4.33479638487287e-02
   4.26987963575311e-02
   4.20763513463689e-02
   4.14689356042115e-02
   4.08824444263792e-02
   4.03120182275952e-02
   3.97592220122908e-02
   3.92219191686329e-02
   3.87001231308148e-02
   3.81927069444441e-02
   3.76992081727169e-02
   3.72188542405855e-02
   3.67510626471185e-02
   3.62951779300038e-02
   3.58506066130089e-02
   3.54167893624284e-02
   3.49933080389572e-02
   3.45799493340203e-02
   3.41766472768782e-02
   3.37832572086536e-02
   3.33994603863521e-02
   3.30248815432644e-02
   3.26591772847823e-02
   3.23020303352699e-02
   3.19531306306243e-02
   3.16121720444982e-02
   3.12788566683330e-02
   3.09528990146622e-02
   3.06340281506679e-02
   3.03219881268545e-02
   3.00165374422098e-02
   2.97174480877410e-02
   2.94245044739888e-02
   2.91375023894708e-02
   2.88562480491298e-02
   2.85805572483055e-02
   2.83102546182870e-02
   2.80451729720551e-02
   2.77851527269944e-02
   2.75300413919347e-02
   2.72796931073307e-02
   2.70339682290454e-02
   2.67927329479277e-02
   2.65558589392811e-02
   2.63232230384221e-02
   2.60947069404102e-02
   2.58701969229913e-02
   2.56495835914556e-02
   2.54327616431071e-02
   2.52196296486634e-02
   2.50100898489349e-02
   2.48040479668508e-02
   2.46014130356150e-02
   2.44020972424395e-02
   2.42060157846851e-02
   2.40130867333767e-02
   2.38232308996093e-02
   2.36363717022453e-02
   2.34524350389143e-02
   2.32713491646600e-02
   2.30930445826460e-02
   2.29174539494587e-02
   2.27445119949480e-02
   2.25741554544285e-02
   2.24063230100302e-02
   2.22409552380291e-02
   2.20779945596843e-02
   2.19173851940099e-02
   2.17590731116783e-02
   2.16030059897552e-02
   2.14491331672004e-02
   2.12974056011077e-02
   2.11477758235972e-02
   2.10001978991718e-02
   2.08546273822589e-02
   2.07110212745821e-02
   2.05693379819625e-02
   2.04295372701044e-02
   2.02915802188945e-02
   2.01554291747132e-02
   2.00210477002245e-02
   1.98884005210798e-02
   1.97574534689312e-02
   1.96281734200971e-02
   1.95005282291445e-02
   1.93744866565150e-02
   1.92500182890701e-02
   1.91270934519818e-02
   1.90056831096006e-02
   1.88857587515423e-02
   1.87672922578617e-02
   1.86502557331067e-02
   1.85346212920113e-02
   1.84203607672095e-02
   1.83074452869653e-02
   1.81958446289332e-02
   1.80855261738348e-02
   1.79764531143749e-02
   1.78685812102365e-02
   1.77618525485742e-02
   1.76561827822519e-02
   1.75514335190628e-02
   1.74473517691805e-02
   1.73434669097652e-02
   1.72393550458639e-02
   1.71373426411089e-02
   1.70367987219605e-02
   1.69410314558378e-02
   1.68494921395463e-02
   1.67453887587714e-02
   1.66578301130403e-02
   1.65756713984131e-02
   1.64792636267731e-02
   1.63816004987692e-02
   1.62833034613274e-02
   1.61943098880663e-02
   1.61399788768758e-02
   1.60584612794139e-02
   1.59648238672556e-02
   1.58762376251396e-02
   1.57892100371540e-02
   1.57041993038325e-02
   1.56204600381033e-02
   1.55377967053325e-02
   1.54560537623662e-02
   1.53751180101768e-02
   1.52948748259062e-02
   1.52151696517776e-02
   1.51357293334307e-02
   1.50559600845337e-02
   1.49744392737338e-02
   1.48903715412043e-02
   1.48130572844043e-02
   1.47403155279279e-02
   1.46736071627592e-02
   1.46127700333937e-02
   1.45429835352230e-02
   1.44594894489792e-02
   1.43752414736952e-02
   1.43154331828413e-02
   1.42613180453949e-02
   1.41992452689165e-02
   1.41170033794711e-02
   1.40432297806600e-02
   1.39620140439471e-02
   1.38969951170308e-02
   1.38507083311459e-02
   1.37976202177081e-02
   1.37468775091700e-02
   1.36618309358960e-02
   1.36042396911804e-02
   1.35281309251452e-02
   1.34589665572147e-02
   1.33896333634141e-02
   1.33385655594007e-02
   1.32736210171603e-02
   1.32358076515378e-02
   1.31757029334807e-02
   1.31380727795060e-02
   1.30516588042882e-02
   1.30090486662676e-02
   1.29321199426137e-02
   1.28848340695657e-02
   1.28100602943174e-02
   1.27510768296662e-02
   1.26914147198737e-02
   1.26454350459764e-02
   1.25942903305687e-02
   1.25219227565107e-02
   1.24805902340609e-02
   1.24212814529915e-02
   1.23829067030197e-02
   1.23325596584725e-02
   1.22994977335455e-02
   1.22118063468671e-02
   1.21608641120738e-02
   1.21272616806894e-02
   1.20748256072380e-02
   1.20231884350097e-02
   1.19421255442021e-02
   1.18947387808151e-02
   1.18498693242592e-02
   1.18073502864886e-02
   1.17641313052515e-02
   1.17176949796068e-02
   1.16798699801181e-02
   1.16254010997711e-02
   1.16000711247687e-02
   1.15428715058139e-02
   1.15377338005637e-02
   1.14193772630602e-02
   1.13715033220465e-02
   1.13395105410905e-02
   1.13114256985303e-02
   1.12641535036193e-02
   1.12405873031563e-02
   1.11730175600290e-02
   1.11474956456751e-02
   1.10867892574193e-02
   1.10615021647952e-02
   1.10105199535043e-02
   1.09680326941536e-02
   1.09300146692343e-02
   1.08698267171385e-02
   1.08408812200382e-02
   1.07675349723537e-02
   1.07209463861849e-02
   1.06955236467087e-02
   1.06354434274223e-02
   1.06173733472064e-02
   1.05538107901909e-02
   1.05314120867995e-02
   1.05255064836430e-02
   1.04641405749750e-02
   1.04044240127722e-02
   1.03658588263037e-02
   1.03579756647028e-02
   1.03005472683043e-02
   1.02443199104755e-02
   1.02002694583098e-02
   1.01778427229683e-02
   1.01255377059099e-02
   1.01036455854724e-02
   1.00512328175088e-02
   1.00334971810847e-02
   9.97675327069027e-03
   9.97526502274260e-03
   9.96958311207002e-03
   9.90586441494067e-03
   9.86188920190246e-03
   9.81668413212351e-03
   9.78019524907493e-03
   9.73811050625504e-03
   9.70359903562698e-03
   9.66364796255824e-03
   9.62959426703576e-03
   9.59133743405727e-03
   9.55536414279951e-03
   9.52171154330090e-03
   9.50167975853866e-03
   9.46200402731122e-03
   9.42870705961033e-03
   9.39219134502540e-03
   9.35900694311828e-03
   9.32264096460231e-03
   9.29898752523564e-03
   9.28432035767912e-03
   9.24274311428115e-03
   9.20943965855021e-03
   9.17333083419870e-03
   9.14178689619321e-03
   9.10829918752908e-03
   9.07728210748550e-03
   9.04531556720520e-03
   9.01460540713002e-03
   8.98358945053356e-03
   8.95321287214214e-03
   8.92285141538125e-03
   8.89284679818339e-03
   8.86296724752812e-03
   8.83329290466806e-03
   8.80367254770276e-03
   8.77375145947249e-03
   8.74387951305203e-03
   8.72028884722569e-03
   8.68977606584170e-03
   8.66131308289553e-03
   8.63250536142469e-03
   8.60425162427648e-03
   8.57600443318064e-03
   8.54775858694357e-03
   8.51848360037884e-03
   8.49098489133575e-03
   8.46399277362144e-03
   8.43958995010864e-03
   8.42244984741492e-03
   8.39042084591505e-03
   8.36283824125439e-03
   8.33506112134736e-03
   8.30813639816525e-03
   8.28135968789043e-03
   8.25490590742993e-03
   8.22864927339107e-03
   8.20260141563860e-03
   8.17673510893518e-03
   8.15104325958113e-03
   8.12551611025136e-03
   8.10014734224520e-03
   8.07493133629559e-03
   8.04986349314323e-03
   8.02493983390216e-03
   8.00015691127816e-03
   7.97551169805285e-03
   7.95100151547816e-03
   7.92662397202860e-03
   7.90237691335318e-03
   7.87825838049244e-03
   7.85426657555871e-03
   7.83039983386819e-03
   7.80665660153135e-03
   7.78303541750776e-03
   7.75953489922895e-03
   7.73615373103223e-03
   7.71289065479670e-03
   7.68974446230590e-03
   7.66671398897363e-03
   7.64379810865423e-03
   7.62099572932535e-03
   7.59830578948006e-03
   7.57572725510041e-03
   7.55325911711487e-03
   7.53090038925673e-03
   7.50865010626228e-03
   7.48650732235385e-03
   7.46447110996430e-03
   7.44254055866656e-03
   7.42071477427501e-03
   7.39899287809376e-03
   7.37737400628513e-03
   7.35585730934091e-03
   7.33444195163548e-03
   7.31312711104642e-03
   7.29191197862756e-03
