   1.03448275862069e-01
   2.06896551724138e-01
   1.03448275862069e-01
   1.72413793103448e-01
   1.72413793103448e-01
   1.03448275862069e-01
   1.72413793103448e-01
   3.10344827586207e-01
   1.72413793103448e-01
   1.03448275862069e-01
   6.89655172413793e-02
   1.03448275862069e-01
   1.72413793103448e-01
   2.41379310344828e-01
   2.41379310344828e-01
   2.75862068965517e-01
   2.41379310344828e-01
   2.41379310344828e-01
   2.75862068965517e-01
   2.41379310344828e-01
   2.41379310344828e-01
   3.79310344827586e-01
   3.44827586206897e-01
   3.10344827586207e-01
   3.44827586206897e-01
   2.75862068965517e-01
   3.79310344827586e-01
   3.10344827586207e-01
   3.44827586206897e-01
   3.10344827586207e-01
   3.44827586206897e-01
   2.06896551724138e-01
   2.75862068965517e-01
   3.10344827586207e-01
   4.48275862068966e-01
   3.79310344827586e-01
   4.13793103448276e-01
   3.10344827586207e-01
   3.44827586206897e-01
   4.13793103448276e-01
   4.13793103448276e-01
   3.79310344827586e-01
   3.79310344827586e-01
   4.48275862068966e-01
   4.13793103448276e-01
   4.13793103448276e-01
   4.13793103448276e-01
   4.48275862068966e-01
   4.13793103448276e-01
   4.48275862068966e-01
   4.82758620689655e-01
   4.82758620689655e-01
   4.48275862068966e-01
   5.17241379310345e-01
   4.48275862068966e-01
   3.79310344827586e-01
   3.79310344827586e-01
   4.48275862068966e-01
   4.82758620689655e-01
   4.48275862068966e-01
   4.48275862068966e-01
   4.48275862068966e-01
   4.48275862068966e-01
   4.48275862068966e-01
   4.48275862068966e-01
   4.48275862068966e-01
   4.48275862068966e-01
   4.48275862068966e-01
   4.48275862068966e-01
   5.17241379310345e-01
   4.13793103448276e-01
   4.13793103448276e-01
   4.48275862068966e-01
   4.13793103448276e-01
   4.48275862068966e-01
   4.48275862068966e-01
   4.48275862068966e-01
   4.13793103448276e-01
   4.48275862068966e-01
   4.48275862068966e-01
   4.48275862068966e-01
   4.48275862068966e-01
   4.13793103448276e-01
   4.48275862068966e-01
   4.13793103448276e-01
   4.13793103448276e-01
   4.48275862068966e-01
   4.48275862068966e-01
   4.82758620689655e-01
   4.82758620689655e-01
   4.82758620689655e-01
   4.48275862068966e-01
   4.48275862068966e-01
   4.82758620689655e-01
   4.48275862068966e-01
   3.79310344827586e-01
   4.13793103448276e-01
   4.13793103448276e-01
   4.48275862068966e-01
   4.82758620689655e-01
   4.13793103448276e-01
   4.48275862068966e-01
   4.82758620689655e-01
   3.79310344827586e-01
   4.82758620689655e-01
   4.48275862068966e-01
   4.48275862068966e-01
   4.48275862068966e-01
   4.48275862068966e-01
   4.13793103448276e-01
   4.82758620689655e-01
   4.82758620689655e-01
   4.48275862068966e-01
   4.48275862068966e-01
   4.48275862068966e-01
   4.82758620689655e-01
   4.48275862068966e-01
   4.82758620689655e-01
   4.82758620689655e-01
   5.17241379310345e-01
   4.82758620689655e-01
   5.17241379310345e-01
   5.17241379310345e-01
   4.82758620689655e-01
   4.82758620689655e-01
   4.82758620689655e-01
   3.79310344827586e-01
   4.13793103448276e-01
   5.17241379310345e-01
   4.82758620689655e-01
   4.82758620689655e-01
   4.82758620689655e-01
   4.48275862068966e-01
   5.17241379310345e-01
   5.17241379310345e-01
   4.48275862068966e-01
   4.82758620689655e-01
   4.48275862068966e-01
   4.48275862068966e-01
   4.48275862068966e-01
   4.82758620689655e-01
   5.17241379310345e-01
   4.48275862068966e-01
   4.48275862068966e-01
   5.17241379310345e-01
   4.82758620689655e-01
   4.82758620689655e-01
   5.17241379310345e-01
   4.82758620689655e-01
   4.82758620689655e-01
   5.51724137931034e-01
   4.82758620689655e-01
   4.48275862068966e-01
   4.82758620689655e-01
   4.82758620689655e-01
   5.17241379310345e-01
   4.48275862068966e-01
   5.51724137931034e-01
   5.51724137931034e-01
   4.82758620689655e-01
   5.17241379310345e-01
   5.86206896551724e-01
   5.51724137931034e-01
   5.17241379310345e-01
   5.51724137931034e-01
   5.17241379310345e-01
   4.82758620689655e-01
   5.51724137931034e-01
   5.51724137931034e-01
   4.82758620689655e-01
   6.20689655172414e-01
   5.51724137931034e-01
   6.20689655172414e-01
   6.20689655172414e-01
   5.86206896551724e-01
   5.86206896551724e-01
   6.20689655172414e-01
   5.51724137931034e-01
   6.89655172413793e-01
   6.89655172413793e-01
   6.55172413793103e-01
   6.55172413793103e-01
   6.55172413793103e-01
   4.82758620689655e-01
   5.51724137931034e-01
   6.55172413793103e-01
   6.55172413793103e-01
   5.51724137931034e-01
   6.55172413793103e-01
   5.86206896551724e-01
   5.86206896551724e-01
   6.89655172413793e-01
   6.55172413793103e-01
   6.20689655172414e-01
   5.51724137931034e-01
   5.86206896551724e-01
   6.20689655172414e-01
   5.51724137931034e-01
   6.20689655172414e-01
   5.86206896551724e-01
   5.86206896551724e-01
   6.89655172413793e-01
   5.86206896551724e-01
   5.86206896551724e-01
   6.20689655172414e-01
   6.55172413793103e-01
   6.89655172413793e-01
   6.20689655172414e-01
   5.86206896551724e-01
   5.51724137931034e-01
   5.17241379310345e-01
   5.51724137931034e-01
   6.20689655172414e-01
   6.20689655172414e-01
   6.55172413793103e-01
   6.20689655172414e-01
   5.86206896551724e-01
   6.20689655172414e-01
   6.55172413793103e-01
   6.55172413793103e-01
   5.51724137931034e-01
   5.86206896551724e-01
   4.48275862068966e-01
   5.51724137931034e-01
   6.55172413793103e-01
   6.20689655172414e-01
   6.20689655172414e-01
   6.20689655172414e-01
   6.55172413793103e-01
   6.20689655172414e-01
   5.86206896551724e-01
   5.51724137931034e-01
   5.86206896551724e-01
   6.20689655172414e-01
   6.20689655172414e-01
   6.55172413793103e-01
   6.55172413793103e-01
   4.48275862068966e-01
   6.20689655172414e-01
   6.55172413793103e-01
   6.20689655172414e-01
   6.20689655172414e-01
   6.20689655172414e-01
   6.20689655172414e-01
   6.20689655172414e-01
   6.55172413793103e-01
   6.20689655172414e-01
   6.20689655172414e-01
   3.10344827586207e-01
   3.44827586206897e-01
   5.51724137931034e-01
   5.51724137931034e-01
   6.20689655172414e-01
   6.55172413793103e-01
   6.55172413793103e-01
   6.55172413793103e-01
   6.55172413793103e-01
   6.20689655172414e-01
   6.55172413793103e-01
   6.55172413793103e-01
   6.20689655172414e-01
   6.89655172413793e-01
   6.89655172413793e-01
   6.89655172413793e-01
   6.55172413793103e-01
   6.55172413793103e-01
   6.89655172413793e-01
   5.86206896551724e-01
   6.55172413793103e-01
   6.55172413793103e-01
   6.20689655172414e-01
   5.17241379310345e-01
   6.55172413793103e-01
   6.89655172413793e-01
   6.20689655172414e-01
   6.55172413793103e-01
   6.20689655172414e-01
   6.55172413793103e-01
   6.20689655172414e-01
   6.20689655172414e-01
   5.86206896551724e-01
   5.17241379310345e-01
   6.20689655172414e-01
   6.55172413793103e-01
   6.20689655172414e-01
   6.20689655172414e-01
   6.55172413793103e-01
   6.55172413793103e-01
   6.20689655172414e-01
   6.55172413793103e-01
   6.20689655172414e-01
   6.55172413793103e-01
   5.86206896551724e-01
   5.51724137931034e-01
   6.20689655172414e-01
   6.55172413793103e-01
   6.20689655172414e-01
   6.55172413793103e-01
   6.20689655172414e-01
   6.55172413793103e-01
   5.51724137931034e-01
   4.82758620689655e-01
   6.20689655172414e-01
   6.55172413793103e-01
   6.20689655172414e-01
   6.55172413793103e-01
   6.55172413793103e-01
   6.55172413793103e-01
   6.55172413793103e-01
   6.55172413793103e-01
   5.86206896551724e-01
   6.55172413793103e-01
   6.55172413793103e-01
   6.55172413793103e-01
   6.20689655172414e-01
   5.86206896551724e-01
   6.55172413793103e-01
   6.20689655172414e-01
   6.55172413793103e-01
   6.20689655172414e-01
   6.55172413793103e-01
   6.20689655172414e-01
   6.55172413793103e-01
   6.20689655172414e-01
   6.55172413793103e-01
   5.51724137931034e-01
   5.51724137931034e-01
   6.20689655172414e-01
   6.55172413793103e-01
   6.55172413793103e-01
   6.55172413793103e-01
   6.55172413793103e-01
   6.55172413793103e-01
   6.55172413793103e-01
   6.55172413793103e-01
   6.20689655172414e-01
   6.55172413793103e-01
   6.20689655172414e-01
   6.55172413793103e-01
   6.20689655172414e-01
   6.55172413793103e-01
   6.20689655172414e-01
   6.55172413793103e-01
   6.20689655172414e-01
   6.55172413793103e-01
   6.20689655172414e-01
   6.55172413793103e-01
   6.20689655172414e-01
   6.55172413793103e-01
   4.82758620689655e-01
   6.20689655172414e-01
   6.55172413793103e-01
   6.55172413793103e-01
   6.55172413793103e-01
   6.55172413793103e-01
   6.55172413793103e-01
   6.20689655172414e-01
   6.55172413793103e-01
   6.55172413793103e-01
   6.55172413793103e-01
   6.20689655172414e-01
   6.55172413793103e-01
   6.20689655172414e-01
   6.55172413793103e-01
   6.89655172413793e-01
   6.55172413793103e-01
   6.55172413793103e-01
   6.20689655172414e-01
   6.20689655172414e-01
   5.51724137931034e-01
   5.86206896551724e-01
   6.55172413793103e-01
   6.89655172413793e-01
   6.89655172413793e-01
   6.55172413793103e-01
   6.55172413793103e-01
   6.55172413793103e-01
   6.20689655172414e-01
   6.55172413793103e-01
   6.20689655172414e-01
   6.55172413793103e-01
   6.20689655172414e-01
   6.55172413793103e-01
   6.55172413793103e-01
   6.55172413793103e-01
   6.55172413793103e-01
   6.55172413793103e-01
   6.20689655172414e-01
   6.55172413793103e-01
   6.20689655172414e-01
   6.20689655172414e-01
   6.55172413793103e-01
   6.20689655172414e-01
   6.20689655172414e-01
   6.20689655172414e-01
   6.20689655172414e-01
   6.55172413793103e-01
   5.86206896551724e-01
   6.55172413793103e-01
   6.20689655172414e-01
   5.86206896551724e-01
   6.55172413793103e-01
   6.55172413793103e-01
   6.20689655172414e-01
   6.55172413793103e-01
   6.55172413793103e-01
   6.20689655172414e-01
   5.51724137931034e-01
   5.17241379310345e-01
   5.51724137931034e-01
   6.20689655172414e-01
   6.55172413793103e-01
   6.55172413793103e-01
   6.55172413793103e-01
   6.55172413793103e-01
   6.55172413793103e-01
   6.55172413793103e-01
   6.55172413793103e-01
   6.20689655172414e-01
   6.55172413793103e-01
   6.20689655172414e-01
   5.51724137931034e-01
   6.55172413793103e-01
   6.55172413793103e-01
   6.55172413793103e-01
   6.55172413793103e-01
   6.55172413793103e-01
   6.55172413793103e-01
   6.55172413793103e-01
   6.20689655172414e-01
   6.55172413793103e-01
   6.20689655172414e-01
   6.55172413793103e-01
   6.20689655172414e-01
   6.55172413793103e-01
   6.55172413793103e-01
   6.55172413793103e-01
   6.55172413793103e-01
   6.55172413793103e-01
   6.89655172413793e-01
   6.20689655172414e-01
   6.55172413793103e-01
   6.55172413793103e-01
   6.55172413793103e-01
   6.55172413793103e-01
   6.20689655172414e-01
   5.86206896551724e-01
   6.55172413793103e-01
   6.55172413793103e-01
   6.55172413793103e-01
   6.55172413793103e-01
   6.20689655172414e-01
   5.86206896551724e-01
   6.55172413793103e-01
   6.55172413793103e-01
   6.55172413793103e-01
   5.17241379310345e-01
   6.55172413793103e-01
   6.55172413793103e-01
   6.55172413793103e-01
   6.55172413793103e-01
   6.20689655172414e-01
   6.55172413793103e-01
   6.20689655172414e-01
   6.55172413793103e-01
   6.55172413793103e-01
   6.55172413793103e-01
   6.55172413793103e-01
   6.55172413793103e-01
   6.55172413793103e-01
   6.55172413793103e-01
   6.55172413793103e-01
   6.55172413793103e-01
   6.55172413793103e-01
   6.55172413793103e-01
   6.55172413793103e-01
   6.20689655172414e-01
   6.20689655172414e-01
   6.55172413793103e-01
   6.55172413793103e-01
   6.55172413793103e-01
   6.20689655172414e-01
   6.55172413793103e-01
   6.55172413793103e-01
   5.51724137931034e-01
   6.55172413793103e-01
   6.89655172413793e-01
   6.89655172413793e-01
   6.20689655172414e-01
   6.89655172413793e-01
   5.51724137931034e-01
   7.24137931034483e-01
   6.55172413793103e-01
   6.89655172413793e-01
   6.55172413793103e-01
   6.55172413793103e-01
   6.89655172413793e-01
   6.55172413793103e-01
   6.89655172413793e-01
   6.55172413793103e-01
   6.89655172413793e-01
