  -5.17035825920312e-02
   1.00523730099225e-01
   3.91161241428450e-03
  -2.02559712806360e-01
  -2.89242270740520e-01
   1.14861838314762e-01
   6.93915982594161e-02
  -1.18960778438046e-02
   1.92520557154843e-01
   1.72835611044338e-02
  -1.16726284011566e-01
   2.19700184638144e-01
   1.77912615528631e-01
  -6.21348140385484e-02
   1.02822873854087e-01
  -8.72774243175659e-02
   2.38694220257103e-02
  -3.20389639700823e-03
   1.32203994389881e-01
   6.40897466082552e-02
   1.13034961636653e-01
   2.58319250256625e-01
   7.08213573686781e-02
  -6.11961874994860e-02
  -1.55991434452212e-01
  -4.71970319186316e-02
   1.31601077127721e-01
   1.43478544270708e-01
   2.86217658018974e-01
   5.34295577081635e-02
  -2.08349265664378e-01
   2.05524724909609e-01
  -4.96070624924371e-02
   1.31823163345324e-01
   3.70120621160931e-01
   1.88504685059765e-01
   8.43269100270192e-03
   5.70207658807276e-02
  -8.02145686348204e-02
  -2.16274109878867e-02
   1.61605902257099e-01
  -1.15903755425803e-01
  -5.03523142329451e-02
  -7.26477919189291e-02
  -6.00267951630298e-03
   1.05659260310925e-01
  -1.04046094610519e-01
   1.38885685071019e-01
   9.12270687226879e-03
  -3.69919217332403e-02
