  -1.65671437516157e-03  -1.62117919135722e-03   8.18195104734592e-03   1.99522248373851e-02  -5.49690743507525e-03   8.31545381062021e-03  -2.02706585913074e-02  -4.45795496853777e-03   3.31456452252518e-03   9.03695077621525e-03  -8.31108469329667e-04  -7.52962291901319e-03   6.31318064559445e-03   4.17100280752176e-05   1.56391070750528e-02  -1.41351635209221e-03   4.13877946424268e-03
  -1.33316698319023e-02  -8.87725966344407e-03  -7.45291959665325e-03   7.84911991471476e-03  -8.35048075340539e-03  -4.78983705353713e-03   2.59536017323322e-03  -1.20528543856429e-02  -1.11944749711137e-02  -1.77557981868021e-03   2.33312799347729e-03  -1.87918053906672e-03  -7.78159910593815e-03  -1.72132186782333e-04   1.36447847332832e-02  -2.32467553008981e-03  -1.83570462061408e-03
   6.62635314338657e-03   2.20559578073663e-02  -2.34393148696279e-02  -7.74747467979840e-02   1.30155478062416e-02  -3.30721737027306e-02   9.22296428183079e-02   1.95213897490176e-02  -1.06511476208307e-02  -2.89414728012893e-02  -4.08327532766725e-03   2.70471436656831e-02  -4.47735382086379e-02   8.43796649803738e-04  -2.84398670148950e-02  -6.43694146353170e-04  -2.73472473709732e-03
   1.76892680935591e-02  -2.55651870044675e-03   3.33533095311489e-02   4.49672773506395e-02   7.92704450093798e-03   2.68798823409688e-02  -5.00358944451353e-02   9.42141397060060e-03   1.90139639698232e-02   2.27344769397058e-02  -8.06310932070878e-03  -7.17932741666083e-03   4.53887257367002e-02   3.45570683052907e-04   2.19150645995257e-02  -3.78969619540790e-03   1.47501883691923e-02
   4.64015068313548e-02   2.73476475670390e-02   2.05627048195163e-02  -3.61975104674346e-02   3.73391453722908e-02   7.73228232550600e-04   3.59897770414476e-02   4.73094685429454e-02   2.40731345050300e-02  -9.45341596485999e-03  -1.00611400272901e-02   1.83839874984155e-02   1.52997234524159e-02   1.02321497635080e-03  -2.24686092384305e-02   1.49854353975542e-03   9.31860880381741e-03
  -1.68285442982546e-02  -7.89991982533667e-03  -1.10795044146020e-02   7.49485876018055e-03  -1.23272477139038e-02  -6.96036820536623e-03   2.33319025780716e-03  -1.58951389534187e-02  -1.15868683067320e-02  -1.70175381811506e-03   3.78097061633254e-03  -4.34695143895101e-03  -1.43039226155507e-02  -2.03196963411365e-04   1.34745422210004e-02  -1.91255360673345e-03  -3.52534027221404e-03
  -9.17297466979947e-03  -6.64255624528377e-03  -4.37961861417730e-03   7.53175808529868e-03  -6.11763979016038e-03  -2.58334283651600e-03   7.41536443926366e-04  -8.58852772831266e-03  -7.56714798933702e-03  -6.20853103595149e-04   1.60082592220622e-03  -1.61275725319100e-03  -4.17741738730508e-03  -1.13577165241741e-04   9.05445301210094e-03  -1.86119455703752e-03  -9.33919735587585e-04
  -3.89851279576148e-03  -3.22157315664657e-03   4.05368845941895e-03   1.51408599666200e-02  -4.93139299577945e-03   4.46388250373168e-03  -1.15322854888519e-02  -5.34186856699397e-03  -5.70254845554263e-04   5.30939802532485e-03  -4.86598272125846e-04  -4.75780069939027e-03   2.41969435451818e-03   4.21514624217266e-05   1.31364588611242e-02  -1.78479254139025e-03   2.72115191731736e-03
  -3.15750431289340e-02  -1.52556423056480e-02  -1.68469670063384e-02   1.87561824866749e-02  -2.35058105348167e-02  -8.27843637432741e-03  -4.65549595244280e-03  -3.01976531040073e-02  -1.92815235112291e-02   1.09645920932426e-05   7.01331427647582e-03  -9.72040601069066e-03  -2.29260375320703e-02  -4.07110649034588e-04   2.24606350504229e-02  -2.89186300828262e-03  -5.35787734392968e-03
   5.00532487287910e-03   2.40394725452960e-03  -3.84150066373101e-03  -1.48006325989520e-02   5.96652630889998e-03  -3.27778503869953e-03   1.07973350445346e-02   6.53637250607910e-03   1.07296992907208e-04  -5.38447286973736e-03  -1.36474095401453e-04   5.87280307987983e-03   6.62598246070026e-04  -7.85011986384094e-05  -1.32504855340575e-02   1.00698710315525e-03  -2.51249100104615e-03
   1.29358361896481e-02   5.47718802674005e-03   1.36291611072736e-02   4.89522003057693e-03   6.87738116940975e-03   1.07661230790110e-02  -1.53266071928794e-02   1.02759087926415e-02   1.17383676217744e-02   6.97111300195714e-03  -3.61493050671221e-03  -7.11177629006372e-04   1.70519787568498e-02   1.05386066098565e-04  -3.22596125766856e-03   1.29791399896800e-03   4.99249208395427e-03
  -3.69916102212177e-02  -1.71180945097871e-02  -2.02017212550263e-02   2.29387048476746e-02  -3.00233724860984e-02  -8.27801698842336e-03  -1.18886386633288e-02  -3.69975507604956e-02  -2.01769131150984e-02   2.76791239725439e-03   8.42914641939867e-03  -1.44723088640021e-02  -2.73504870242914e-02  -6.36181239754767e-04   2.30571317851189e-02  -2.56204967610886e-03  -7.34692938206446e-03
  -2.91985192240672e-02  -2.12881470313576e-02  -7.64632687651046e-03   3.09137773904087e-02  -2.10136950921261e-02   1.57436871968210e-03  -1.97306735705596e-02  -2.90947811141710e-02  -1.86050554172170e-02   5.14754237615781e-03   5.14744455191447e-03  -1.07354833358423e-02  -5.04230009160889e-03  -6.32097011877267e-04   2.44253639819998e-02  -2.92840597436243e-03  -2.44899813125679e-03
   4.78750077624774e-03   3.05282198070574e-03   6.07401544868174e-03   2.92712257850902e-03   1.70658591061870e-03   4.72162128455302e-03  -7.94079096063750e-03   3.65902316551902e-03   5.33669857373825e-03   3.86538836143528e-03  -1.66329163751105e-03  -1.61069105848257e-03   5.73334427361673e-03   1.18412861212756e-04   4.42945477158162e-04   4.24579647782901e-04   2.45120259435847e-03
  -5.21912292181616e-03   4.25835750818100e-03  -1.98331002237723e-02  -3.54121048410381e-02   1.57762277201719e-03  -1.86386227101670e-02   3.86900889666697e-02   3.36511244000245e-04  -9.19374710615333e-03  -1.69189186558595e-02   4.50210670339383e-03   8.40497499189293e-03  -2.57752892087337e-02   2.44683729074234e-05  -2.22051293792481e-02   2.20482387222747e-03  -8.99933109655840e-03
  -1.14760116710421e-01   3.57308412693905e-02   1.69562348499223e-01   2.40636439113875e-01   2.26861204319711e-01   7.13576726447330e-03   1.39528204374155e-01   2.13533234018648e-03  -9.61051260896751e-02   2.33504242214165e-02  -7.12990022110130e-02   1.34944044476947e-01   1.35443093141866e-01  -2.67507941300586e-03   4.38802883358682e-02  -1.31929024659026e-02   1.52034584635606e-01
   1.69774236286452e-03   3.78519899206969e-04  -3.06600141576773e-03  -8.18219250881119e-03   2.90303776358493e-03  -2.85004513029388e-03   6.53295082248330e-03   2.50867102758697e-03  -6.30893380255724e-04  -3.49080796282371e-03   3.92850287043695e-04   3.24703994510404e-03  -3.20077625368664e-04  -6.11474458793449e-05  -7.58897266379492e-03   1.00825376627323e-03  -2.01418630936333e-03
   8.11284991354683e-03   6.06757499073385e-03  -4.31748199314099e-03  -2.30544360510853e-02   8.77021871317220e-03  -5.50556988901469e-03   1.75037124547567e-02   1.02401534186314e-02   2.23966858739415e-03  -7.53286542199144e-03  -4.35829838015816e-04   7.74087500925061e-03  -1.43347014299157e-03   4.49705434584397e-05  -1.90785881050335e-02   2.68463874062631e-03  -2.95152710251629e-03
  -2.40708432341510e-02  -1.69466468147209e-02  -5.09190727333666e-03   2.63196881086052e-02  -1.64078666761440e-02   1.75707933280007e-03  -1.53127904974220e-02  -2.28937237906943e-02  -1.61989116377380e-02   4.24795316596928e-03   3.52360277929135e-03  -9.21129409866969e-03  -3.81815877273025e-03  -3.76471693230513e-04   2.37751326912355e-02  -3.03228677373824e-03  -7.40569428617161e-04
   5.49760169564078e-03  -2.75261653373677e-02   6.28179555983505e-02   2.38945119193400e-01   3.64917378312475e-03   6.27047305814199e-02  -2.74963275610065e-01  -2.02723044403110e-02   5.76665291490449e-02   4.93010506839722e-02   4.85764955902897e-02  -7.21316710694178e-02   1.29120635236116e-01  -2.60476620046842e-03   1.04170893944080e-03   4.88276542009128e-02  -3.14290136474243e-02
  -1.59083520821371e-02  -6.74712238526479e-03  -1.14526549881789e-02   4.24728958478862e-03  -1.10820129494833e-02  -8.27385129427559e-03   7.19948082990892e-03  -1.44475895459660e-02  -1.14306011647623e-02  -3.49754702389056e-03   3.85632166020228e-03  -2.74013651281437e-03  -1.58501172436995e-02  -1.62894237281449e-04   1.17381217789681e-02  -1.87994096888238e-03  -3.47370403333173e-03
  -3.94155776939375e-02  -2.37158332807738e-02  -1.85200622047049e-02   2.52536027065670e-02  -2.74935915015143e-02  -6.87788577260404e-03  -1.05581965290460e-02  -3.73434340043222e-02  -2.57955961039201e-02   8.25745333537955e-04   7.87073850264825e-03  -1.04420867171550e-02  -1.89236841841025e-02  -6.89339938573900e-04   2.29111597692027e-02  -3.28500101449246e-03  -6.49657900916590e-03
  -3.31605347358873e-03   2.67766270549527e-03  -1.30061354483418e-02  -2.27254881111777e-02   5.99060809441071e-04  -1.18892039502901e-02   2.34422704949433e-02  -1.09210360699694e-04  -5.54274662049399e-03  -1.07363604378249e-02   3.13326567838081e-03   5.17326927509329e-03  -1.58475962262112e-02   5.65216799208533e-05  -1.35809084038191e-02   1.50024214951153e-03  -6.09165113019584e-03
   6.20796616671121e-03   2.51680120425512e-03   7.06811895065640e-03   3.45290501086739e-03   3.41344247675966e-03   5.61192174037817e-03  -7.36691573086134e-03   4.99578977517616e-03   5.50579791997682e-03   3.59922028212916e-03  -2.10009048339353e-03  -3.53355385179017e-04   7.97774654657932e-03   4.07413911285178e-05  -7.26465554087934e-05   2.03221242469632e-04   2.93637701581591e-03
   1.85184826110614e-01  -2.56813750095356e-02  -1.84989428428452e-01  -2.50944502605249e-01  -2.67016377663384e-01  -3.18676260022498e-02  -1.58966241988157e-01  -1.46166137832768e-02   1.46138091172555e-01  -5.43780602776200e-03   6.39762850189862e-02  -1.33980650497398e-01  -1.39823693320726e-01   6.53506803806973e-03  -4.45573352330366e-02   3.80751933943725e-03  -1.59419698966880e-01
  -6.42287228067010e-02   2.52820709316063e-02  -8.14496096855848e-02   2.11943658461881e-01  -6.90402623589489e-02   9.90880919249341e-02  -2.10794016853709e-01  -7.75539589936907e-02   2.82714798706689e-02   2.56985384536403e-02   4.55515849518193e-02  -1.90536562589837e-01  -1.54445010662140e-01   3.51251189544258e-04   7.75574570275452e-05  -4.47488299336865e-02  -5.79084743132173e-02
  -2.76946433290924e-02  -1.97358600337372e-02  -2.59833478512658e-03   3.81375161646029e-02  -2.17523150291090e-02   5.84567191011702e-03  -3.14600244009270e-02  -2.96050007325714e-02  -1.23008860898183e-02   9.71355115461252e-03   5.83301164074142e-03  -1.60452407687955e-02  -4.29414203777231e-03  -4.85636810886694e-04   2.58550695287069e-02  -2.63388831315681e-03  -1.71802227157460e-03
  -2.61375431665216e-02  -2.12726658795934e-02  -2.34663357630817e-03   3.70992617311442e-02  -1.99877221751334e-02   7.83507276706588e-03  -3.25163781945221e-02  -2.72830655851157e-02  -1.43508691042762e-02   9.55132585590989e-03   4.29277335349786e-03  -1.39083003257897e-02   4.56422127043395e-03  -1.25417050720612e-03   2.53012866894548e-02  -2.43480940416584e-03  -9.58980482063395e-04
  -4.07185366826264e-02  -2.83650149605517e-02   2.40429516677752e-03   1.30795181210129e-01  -5.00786567922531e-02   5.25409784795521e-02  -1.77858779456880e-01  -5.83937810289795e-02   1.54370377062138e-02   6.14563115914572e-02   9.91205844428646e-03  -7.57176368275121e-02   1.95037907108009e-02  -2.16997638967219e-03   6.38851203990707e-03   1.87706514450478e-02  -1.96514944493199e-02
  -1.34066834128402e-02  -8.59744554325811e-03  -1.26280210666095e-03   1.96371367394141e-02  -1.06388423223604e-02   1.06439760733695e-03  -7.82787671598638e-03  -1.36507184227165e-02  -7.83540743760550e-03   3.66916452021055e-03   1.75543520823232e-03  -6.35519303979599e-03  -4.89404491965688e-03  -7.37431691712887e-05   1.96733828174948e-02  -3.08524308144868e-03   1.14098514673639e-03
   3.40461601774057e-02   1.72786847996533e-02   1.72864327705897e-02  -2.14500924543207e-02   2.56582579187974e-02   7.78955693298670e-03   7.25093114012519e-03   3.27230666432032e-02   1.98411286767541e-02  -7.72611338220066e-04  -7.71664790955231e-03   1.11083381242440e-02   2.31574894096990e-02   4.89828878249682e-04  -2.31434807154148e-02   2.94162672869014e-03   5.93544873898729e-03
  -3.33916400352234e-02  -1.75096499821167e-02  -1.65870469237783e-02   2.09080674114294e-02  -2.40270896732091e-02  -8.22191436862034e-03  -5.30041821865416e-03  -3.18202896133755e-02  -2.05952337527881e-02   7.83136737648390e-05   7.47866211149732e-03  -9.95493999821404e-03  -2.24264535000004e-02  -4.87460192694286e-04   2.32723424253507e-02  -3.29441242452502e-03  -5.57162969266902e-03
  -5.86352597831932e-02   2.35739557550028e-02  -7.84598764872057e-02   2.01489901233981e-01  -7.12145891185486e-02   9.33207720423451e-02  -2.05098121316359e-01  -7.68926853918997e-02   2.86130159364237e-02   2.87816358170284e-02   4.33362863198125e-02  -1.85689080119720e-01  -1.47780747800474e-01   1.26699008108439e-04   1.17720659196328e-03  -3.96224785130867e-02  -5.57671817266425e-02
  -8.51195091454658e-03   9.71506974794119e-03  -3.03720242448296e-02  -5.45720685096702e-02   7.90741963072057e-04  -2.82451325688565e-02   6.14154421291195e-02   3.62058508387498e-04  -1.33833080350484e-02  -2.44556441003261e-02   5.66976697545307e-03   1.19711506221442e-02  -4.43016486632005e-02  -4.22511255195020e-05  -2.97813144074808e-02   3.38888166700653e-03  -1.26713640107698e-02
  -4.90607203154087e-02  -4.06849205909033e-02  -9.83073318265992e-03   8.52777263179158e-02  -4.67720135701605e-02   2.82056011724577e-02  -1.18435765452347e-01  -5.88399437601501e-02  -1.15052168044766e-02   3.62664339640937e-02   9.19151639280951e-03  -3.86486620631384e-02   2.09508700856394e-02  -1.90131222966606e-03   1.28103630186706e-02   5.40340104714862e-03  -1.36948867309187e-02
  -3.34341726528253e-02  -2.50059414195926e-02  -4.86684502010557e-03   7.73435315656490e-02  -4.02844818834094e-02   2.57518073420421e-02  -9.97568961261963e-02  -4.75721689409166e-02   1.60213693617804e-03   3.22478625269783e-02   1.23454433174681e-02  -4.18913933553982e-02   8.16396277849422e-03  -1.20689210036184e-03   1.92296559710359e-02   1.81459738481201e-03  -1.24702062537852e-02
   9.85689643607368e-03   6.53020503672077e-03  -8.67490567906014e-03  -9.81655616191202e-02   3.67176510179508e-02  -3.77274308644625e-02   1.27207801104453e-01   3.75734712376044e-02  -2.97530616224097e-02  -4.28647773678243e-02  -1.61337035990258e-02   5.65019995989062e-02  -1.25938523117968e-02   1.30444695705252e-03  -2.38492361945247e-02  -4.47468431528454e-03   1.19779429726069e-02
   1.89430632553866e-03   7.99885302035288e-03  -1.61115354629188e-02  -4.14125335358623e-02   7.26395080617922e-03  -1.72420307637212e-02   4.15290069080632e-02   7.99317007391254e-03  -5.85696542347900e-03  -1.66029988917345e-02   1.84672968945630e-03   1.22134632225478e-02  -1.93229512500348e-02  -4.73338988875084e-05  -2.76280199648499e-02   3.59707782886680e-03  -6.89665710689392e-03
   1.45364063115478e-02   8.71509586007139e-03   4.86717995016536e-03  -1.43650528819790e-02   1.11843989540973e-02   1.28584970495853e-03   6.03702485736240e-03   1.43528171863463e-02   9.37218392358294e-03  -1.97138232103509e-03  -2.11009186480737e-03   5.73523349397076e-03   6.33806835928707e-03   1.42822263546876e-04  -1.68601000873531e-02   1.94088324774781e-03   6.63746616506574e-04
  -6.14047526563917e-03  -1.24091328233976e-02   1.49455808763160e-02   4.44117645986288e-02  -9.01781059789236e-03   1.77415011582607e-02  -4.41961490382108e-02  -1.16677610358187e-02   1.97582983129381e-03   1.70477251056646e-02  -1.08355563097439e-03  -1.26882123502349e-02   2.08039655318195e-02  -6.51519521326396e-05   2.74650343278812e-02  -3.30777389301877e-03   6.27864574453022e-03
  -2.62394556207272e-02  -1.55427828719613e-02  -1.08874994159394e-02   2.09001052759375e-02  -1.89779731539080e-02  -5.03794178659026e-03  -5.05698777150760e-03  -2.54004664738729e-02  -1.70360512922628e-02   6.97433317692515e-04   5.35405273051478e-03  -8.01148027777826e-03  -1.48929836694729e-02  -3.38131644791376e-04   2.21277181008105e-02  -3.61645553236712e-03  -3.00726379776964e-03
   9.61910605063598e-03   3.97040112258428e-02  -2.63660063185774e-02  -1.13672607983463e-01   1.27499342361594e-02  -4.74721401931582e-02   1.41207604751961e-01   2.68592293706652e-02  -1.28211936231544e-02  -3.42936451768777e-02  -1.17140153520260e-02   3.53401090102222e-02  -7.37046066693671e-02   1.36053871201954e-03  -2.08046618878688e-02  -9.13346640945251e-03   7.13749785815272e-03
   6.22406433981583e-03  -2.36111438840083e-05   7.83637254429412e-03   5.65286318989251e-03   4.48393938280493e-03   6.41384493857839e-03  -8.25532286024632e-03   5.14144524993273e-03   4.28899306153700e-03   3.66505901124665e-03  -2.38239489381309e-03   1.06786728709063e-04   1.15436481281129e-02   6.89818502777060e-05   1.77940445622396e-04  -3.90450404797349e-05   3.13515538863737e-03
   4.97602000677495e-04  -6.75340818262646e-03   1.71422266622114e-02   3.74615860502924e-02  -5.12843675644376e-03   1.73595595718097e-02  -3.89339984570384e-02  -4.76869307332805e-03   6.13905135650122e-03   1.67911410012324e-02  -3.38726851998911e-03  -1.02043968424192e-02   2.24128590862812e-02   7.40344832061571e-05   2.48058492493230e-02  -2.61403351310188e-03   7.95639218615735e-03
   6.68224731210348e-03   6.06896877338510e-03  -3.92589127258933e-03  -2.04092581143454e-02   6.94183449521035e-03  -5.14535145947679e-03   1.43419578849173e-02   8.29850144089930e-03   2.57029592197276e-03  -6.07387801265219e-03   3.36221457359100e-04   5.68471609758005e-03  -3.17867908452243e-03   8.92699119152100e-05  -1.79738039972417e-02   2.07430541830778e-03  -3.00468247148024e-03
  -1.79168242369109e-02  -1.13246774887500e-02  -5.99353923110242e-03   1.71504048769051e-02  -1.26805499728283e-02  -2.78433426325028e-03  -3.88578583344020e-03  -1.74633921810731e-02  -1.23620699404829e-02   9.34109318774429e-04   3.22372041335931e-03  -5.67168888804496e-03  -9.04322634784655e-03  -1.98798660735832e-04   2.00046331167355e-02  -3.01654478216057e-03  -7.71046659678075e-04
   4.56756965278315e-03  -1.47188839045302e-02   3.19756815953549e-02   8.27463084023662e-02  -9.12370554146624e-03   3.64480529316519e-02  -9.89752437269512e-02  -1.25768173471637e-02   2.16099038084969e-02   3.31227322992240e-02   2.59693581626372e-03  -2.61489117849630e-02   5.45466002180469e-02  -2.52980598568195e-04   3.09784870766145e-02   2.63281553940719e-04   6.70311595306001e-03
  -2.33605289636023e-02  -1.35265672307911e-02  -9.36149578975412e-03   2.01120451425811e-02  -1.78062232614795e-02  -4.15386808421759e-03  -6.51124989164883e-03  -2.30009391286767e-02  -1.46623219222725e-02   1.48630795814466e-03   4.85886707676299e-03  -8.31029242181910e-03  -1.37812166223057e-02  -3.34300291509211e-04   2.19556165465717e-02  -3.11229890847322e-03  -2.57018782538562e-03
   7.00788402077747e-03   6.42502683484128e-03  -6.63682798369898e-03  -2.76558124766042e-02   8.80614948195139e-03  -8.44189665630812e-03   2.34461479045932e-02   9.93327398438368e-03   1.84527965527963e-04  -9.79355368465632e-03   1.90423776007123e-04   9.67387400089837e-03  -5.63623217306787e-03  -1.03301314594592e-05  -2.20821035544931e-02   1.86993640949668e-03  -3.91085458604252e-03
  -3.17438065538086e-03  -6.84927275691989e-03   1.18488230191234e-02   3.04314549409486e-02  -6.14165434814219e-03   1.23041847576442e-02  -2.89329951008425e-02  -6.71730616258592e-03   2.33182353570835e-03   1.27277687028194e-02  -2.05499038847108e-03  -8.66924707269193e-03   1.41441845858189e-02  -2.22976620222560e-04   2.14225133018646e-02  -2.24622158097889e-03   5.93417923648196e-03
