   5.91160220994475e-01
   7.23756906077348e-01
   7.29281767955801e-01
   7.29281767955801e-01
   7.29281767955801e-01
   7.34806629834254e-01
   7.34806629834254e-01
   7.34806629834254e-01
   7.34806629834254e-01
   7.34806629834254e-01
   7.34806629834254e-01
   7.34806629834254e-01
   7.40331491712707e-01
   7.40331491712707e-01
   7.40331491712707e-01
   7.40331491712707e-01
   7.34806629834254e-01
   7.34806629834254e-01
   7.34806629834254e-01
   7.34806629834254e-01
   7.34806629834254e-01
   7.34806629834254e-01
   7.34806629834254e-01
   7.34806629834254e-01
   7.34806629834254e-01
   7.34806629834254e-01
   7.34806629834254e-01
   7.40331491712707e-01
   7.40331491712707e-01
   7.40331491712707e-01
   7.40331491712707e-01
   7.40331491712707e-01
   7.45856353591160e-01
   7.56906077348066e-01
   7.56906077348066e-01
   7.56906077348066e-01
   7.56906077348066e-01
   7.62430939226519e-01
   7.62430939226519e-01
   7.62430939226519e-01
   7.62430939226519e-01
   7.62430939226519e-01
   7.67955801104972e-01
   7.67955801104972e-01
   7.67955801104972e-01
   7.67955801104972e-01
   7.67955801104972e-01
   7.67955801104972e-01
   7.73480662983425e-01
   7.73480662983425e-01
   7.67955801104972e-01
