   2.16543129123325e+00
   1.88002364176513e+00
   1.83539555937308e+00
   1.82365362126275e+00
   1.82149187540495e+00
   1.82264120101213e+00
   1.82479517079309e+00
   1.82701059523780e+00
   1.82889625370425e+00
   1.83028944298041e+00
   1.83113813658328e+00
   1.83144186941613e+00
   1.83121595181032e+00
   1.83049646722838e+00
   1.82932625729382e+00
   1.82772672598963e+00
   1.82568136371439e+00
   1.82321084946901e+00
   1.82032697134481e+00
   1.81703330523661e+00
   1.81343219624392e+00
   1.80967175670437e+00
   1.80593586899210e+00
   1.80220408071766e+00
   1.79851138408256e+00
   1.79487334558129e+00
   1.79130048857258e+00
   1.78762260632349e+00
   1.78392586426719e+00
   1.78021029564467e+00
   1.77684879452882e+00
   1.77356879558040e+00
   1.77061117971661e+00
   1.76603246199187e+00
   1.76924067562328e+00
   1.76151425944237e+00
   1.75685085051085e+00
   1.75331143933124e+00
   1.74929926274303e+00
   1.74704064981053e+00
   1.74299196949341e+00
   1.73893182424999e+00
   1.73848710100300e+00
   1.73159740264114e+00
   1.72829919982982e+00
   1.72370604724343e+00
   1.71951608773791e+00
   1.71797498660704e+00
   1.70699119743570e+00
   1.70986404352335e+00
   1.70716472066713e+00
   1.71287190794636e+00
   1.70209079090092e+00
   1.69637800326009e+00
   1.69221615362142e+00
   1.69500660549282e+00
   1.71571712911565e+00
   1.69878891079478e+00
   1.68930735785966e+00
   1.69697945087148e+00
   1.68375319789466e+00
   1.68094504326057e+00
   1.68476228866429e+00
   1.68633162550531e+00
   1.68162059533431e+00
   1.71861418954251e+00
   1.70472654131830e+00
   1.69658654758652e+00
   1.69452060874108e+00
   1.67622680797045e+00
   1.68095069992946e+00
   1.67305225104822e+00
   1.66726477033782e+00
   1.66745458103437e+00
   1.71911059433800e+00
   1.69355004150842e+00
   1.66867168004712e+00
   1.66736026185269e+00
   1.66620707011229e+00
   1.66818966800877e+00
   1.65438540775174e+00
   1.68078067773895e+00
   1.67553374822286e+00
   1.66252309903035e+00
   1.65227316978718e+00
   1.64933146649784e+00
   1.64810081354127e+00
   1.64619899553770e+00
   1.64607535213724e+00
   1.68732092344622e+00
   1.65686373424654e+00
   1.64810606402958e+00
   1.64275084237089e+00
   1.65222719799951e+00
   1.64289904728861e+00
   1.63960218041272e+00
   1.66105004119173e+00
   1.68413035330309e+00
   1.65339208500748e+00
   1.64173211230346e+00
   1.64749643199220e+00
   1.63972126061633e+00
   1.66863333580977e+00
   1.67663430747522e+00
   1.64803020328705e+00
   1.64431077135575e+00
   1.63610727365648e+00
   1.63276861603062e+00
   1.65232424756061e+00
   1.63450643508551e+00
   1.62810955069594e+00
   1.64647760346775e+00
   1.62851589611581e+00
   1.62609835725725e+00
   1.63465984521143e+00
   1.63784819425877e+00
   1.63478895551068e+00
   1.62782353456580e+00
   1.63487903268355e+00
   1.65010090413803e+00
   1.64789620415512e+00
   1.63220560312844e+00
   1.63953419328197e+00
   1.63125661919625e+00
   1.62609138246207e+00
   1.62144983436123e+00
   1.62162698598286e+00
   1.61702140750321e+00
   1.62318170747197e+00
   1.63742257604737e+00
   1.61892162941477e+00
   1.63612380845602e+00
   1.63002369457672e+00
   1.61991867228034e+00
   1.64185549658162e+00
   1.63622102922454e+00
   1.62436251565838e+00
   1.62887032008766e+00
   1.62948198988817e+00
   1.62363737829169e+00
   1.62498494417142e+00
   1.62977430500281e+00
   1.62480469018786e+00
   1.61314872275520e+00
   1.61943629827657e+00
   1.61335160945352e+00
   1.61340792646784e+00
   1.60884740156767e+00
   1.60905494784721e+00
   1.62248999755579e+00
   1.64263607781330e+00
   1.63935601993794e+00
   1.62089453392719e+00
   1.62706267868861e+00
   1.62473510662463e+00
   1.62037783313305e+00
   1.60886696636503e+00
   1.60971357842267e+00
   1.62044814304774e+00
   1.61429269615362e+00
   1.60629716917604e+00
   1.60426530322843e+00
   1.60422786128416e+00
   1.61163652896825e+00
   1.61759196111968e+00
   1.60495399250190e+00
   1.59649311777018e+00
   1.61667458562509e+00
   1.61241944422525e+00
   1.62730714985492e+00
   1.61738199407935e+00
   1.61756702860765e+00
   1.62096101151963e+00
   1.61862409851588e+00
   1.62553519061502e+00
   1.61965340266862e+00
   1.61390096634513e+00
   1.61883758434482e+00
   1.64070714541911e+00
   1.61511032515618e+00
   1.60710094739315e+00
   1.60592890958979e+00
   1.61527522937724e+00
   1.61098757993686e+00
   1.61240976937946e+00
   1.60867043892643e+00
   1.61282406822415e+00
   1.62569389238933e+00
   1.62181904119312e+00
   1.61490639296666e+00
   1.61537943241321e+00
   1.62169373894130e+00
   1.60508928103448e+00
   1.62866701334956e+00
   1.61604976496295e+00
   1.60792535630653e+00
   1.60510180083603e+00
   1.61521998365453e+00
   1.62642388363369e+00
   1.62047504763494e+00
   1.61127373358009e+00
   1.60348826248416e+00
   1.60228526399992e+00
   1.60146454119233e+00
   1.60335664602853e+00
   1.60519382876061e+00
   1.60552984365650e+00
   1.60758173850954e+00
   1.59964589262093e+00
   1.62871424576594e+00
   1.61124153136068e+00
   1.62131512296428e+00
   1.60676828424724e+00
   1.62035740619451e+00
   1.59379382722181e+00
   1.59927250623041e+00
   1.62609684263122e+00
   1.61728738470458e+00
   1.60527191003186e+00
   1.59591890627962e+00
   1.60614352338240e+00
   1.59787334023924e+00
   1.59743118743954e+00
   1.61769255818620e+00
   1.61977828727145e+00
   1.59983448602783e+00
   1.62047408224527e+00
   1.59937154113103e+00
   1.59851295588841e+00
   1.59182108490047e+00
   1.58347330213390e+00
   1.60483222210180e+00
   1.59917762208307e+00
   1.59074675739192e+00
   1.63785019221356e+00
   1.58607261250762e+00
   1.57646307785911e+00
   1.59591921555550e+00
   1.60362026742960e+00
   1.56711011909483e+00
   1.60017137526737e+00
   1.62004885826523e+00
   1.56229348783282e+00
   1.59191087336650e+00
   1.56971212148022e+00
   1.55854347239886e+00
   1.56455996034158e+00
   1.56738797267547e+00
   1.55820517103719e+00
   1.55923569610224e+00
   1.56219753922408e+00
   1.57302521865599e+00
   1.55740733337959e+00
   1.55957452440543e+00
   1.57622800491450e+00
   1.57081492196254e+00
   1.56492510093755e+00
   1.54039114662983e+00
   1.53493251588000e+00
   1.55054972889221e+00
   1.53925501743016e+00
   1.54674098699662e+00
   1.53435986690867e+00
   1.57156392390696e+00
   1.53387577866929e+00
   1.52931628944009e+00
   1.57647986587283e+00
   1.57844288110203e+00
   1.58397613194534e+00
   1.57933637311670e+00
   1.55109284535552e+00
   1.53615404612255e+00
   1.53115378265050e+00
   1.53861434859668e+00
   1.52908497451412e+00
   1.55439024589391e+00
   1.55789703414131e+00
   1.55257641539431e+00
   1.55849653216716e+00
   1.58278572668399e+00
   1.58544783546909e+00
   1.59446235068544e+00
   1.59127651664606e+00
   1.55866337814526e+00
   1.58078748886590e+00
   1.56510422968470e+00
   1.55157230344212e+00
   1.54808402633200e+00
   1.56744630607027e+00
   1.58933821438143e+00
   1.60475435267273e+00
   1.60134239557890e+00
   1.59932421702501e+00
   1.56678943110410e+00
   1.55904184281872e+00
   1.55918844156412e+00
   1.51885350729709e+00
   1.53327134907274e+00
   1.55051185835254e+00
   1.63074130851481e+00
   1.57425792554812e+00
   1.59848682819831e+00
   1.61141062352441e+00
   1.58913066007629e+00
   1.53401450160938e+00
   1.57751538140617e+00
   1.56358198794289e+00
   1.58744899344466e+00
   1.56295276225089e+00
   1.55975628673582e+00
   1.53189929392252e+00
   1.58025924194222e+00
   1.55322575063430e+00
   1.57157837823803e+00
   1.53181518742781e+00
   1.54959174254013e+00
   1.57143426035390e+00
   1.53777796134403e+00
   1.56950067060486e+00
   1.56668821156025e+00
   1.52576546055095e+00
   1.53902478037895e+00
   1.55632051911427e+00
   1.57089835877336e+00
   1.52992239679825e+00
   1.52556108893942e+00
   1.51866832167449e+00
   1.57451399950121e+00
   1.58290974425944e+00
   1.54682914170038e+00
   1.54968675632050e+00
   1.52207943186922e+00
   1.52001982876258e+00
   1.51100148645804e+00
   1.53067125917435e+00
   1.50457968719208e+00
   1.55402959386035e+00
   1.55763890165172e+00
   1.52900758968962e+00
   1.53464059233071e+00
   1.54954415719892e+00
   1.56008966626050e+00
   1.59206560440200e+00
   1.56610129149539e+00
   1.54570379840629e+00
   1.52504146047559e+00
   1.53023992721981e+00
   1.63457780079071e+00
   1.60514884112407e+00
   1.55781882148410e+00
   1.51067204014966e+00
   1.51398936030381e+00
   1.51411293763388e+00
   1.53794848839241e+00
   1.57175913369282e+00
   1.57187878784137e+00
   1.57729154178199e+00
   1.53100122680170e+00
   1.54143876245305e+00
   1.55207478014686e+00
   1.51992427824571e+00
   1.52084678333726e+00
   1.54083561796763e+00
   1.55802163655263e+00
   1.53194074391135e+00
   1.51354090587005e+00
   1.53049347816742e+00
   1.56763996656346e+00
   1.57777977887070e+00
   1.59200924214662e+00
   1.60194020840055e+00
   1.55883841643628e+00
   1.57753010395541e+00
   1.57370320005001e+00
   1.54419629812002e+00
   1.57982510957828e+00
   1.55038024021917e+00
   1.54883564774829e+00
   1.54444628006923e+00
   1.52597534761696e+00
   1.52996513904996e+00
   1.52882494678083e+00
   1.52344351808097e+00
   1.52034894733542e+00
   1.52957307429821e+00
   1.51810038355400e+00
   1.57368502378321e+00
   1.53069409244664e+00
   1.54102554293163e+00
   1.52146101449277e+00
   1.51930211965604e+00
   1.50114027945583e+00
   1.54517468619303e+00
   1.55496875784678e+00
   1.52216429931767e+00
   1.53524217682100e+00
   1.53718984808318e+00
   1.53515600079062e+00
   1.55399405298532e+00
   1.54585703120248e+00
   1.50432053268138e+00
   1.57403301584410e+00
   1.59056113434907e+00
   1.53364128763021e+00
   1.53364110391567e+00
   1.58296751452914e+00
   1.53651168240657e+00
   1.51645904522678e+00
   1.52207644907861e+00
   1.51888604218120e+00
   1.52761065972283e+00
   1.49947425056705e+00
   1.53021610487573e+00
   1.49692757923161e+00
   1.58029823188137e+00
   1.54331227784564e+00
   1.51754707679932e+00
   1.51396218570828e+00
   1.50655982224489e+00
   1.51821944014116e+00
   1.50252999694113e+00
   1.52915754676220e+00
   1.53717596602306e+00
   1.58945193973327e+00
   1.54529514148985e+00
   1.52958010550912e+00
   1.58752264570328e+00
   1.53595882139280e+00
   1.58923571492674e+00
   1.56093757797828e+00
   1.51836970362513e+00
   1.52215512715523e+00
   1.50964267575202e+00
   1.49769764330539e+00
   1.50453418823365e+00
   1.54966420268200e+00
   1.51413250314019e+00
   1.50078016089320e+00
   1.51076496208547e+00
   1.50538666783450e+00
   1.51113361628186e+00
   1.51101390284286e+00
   1.50338496196012e+00
   1.52741202892466e+00
   1.50032484901474e+00
   1.52508168171587e+00
   1.55964324270307e+00
   1.52801316103190e+00
   1.52522451075080e+00
   1.49966602910044e+00
   1.52908164045645e+00
   1.49681124516719e+00
   1.54076402236573e+00
   1.49410168594068e+00
   1.53252861842585e+00
   1.50754409774838e+00
   1.51420674990317e+00
   1.50412720381210e+00
   1.50649481212873e+00
   1.49759795199490e+00
   1.51781261155109e+00
   1.57965641037467e+00
   1.53228885266917e+00
   1.53042690730448e+00
   1.50953669608366e+00
   1.50927775139591e+00
   1.49543005187390e+00
   1.57173250512292e+00
   1.55449649098774e+00
   1.48978852879318e+00
   1.53784250345126e+00
   1.50481341203995e+00
   1.54668940811994e+00
   1.53116006503798e+00
   1.51727034183905e+00
   1.51269234682612e+00
   1.50450610129741e+00
   1.52194369558538e+00
   1.53640892014366e+00
   1.56110689674901e+00
   1.50734319513280e+00
   1.52155188348280e+00
   1.53941557875784e+00
   1.52450435228749e+00
   1.56280307376676e+00
   1.53549755349984e+00
   1.55953930473491e+00
   1.52817941324956e+00
   1.51941136694594e+00
   1.50787288927872e+00
   1.51953676267841e+00
   1.54029359899695e+00
   1.49772232862932e+00
   1.52035584672974e+00
   1.53199157706006e+00
   1.52244963290599e+00
   1.49025202033917e+00
   1.49269457934648e+00
   1.51417088323006e+00
   1.50945214398455e+00
   1.49280804230263e+00
   1.54070609742040e+00
   1.48437141855981e+00
   1.51642919031173e+00
   1.49624796418884e+00
   1.54110764982753e+00
   1.48017086641699e+00
   1.50752988055250e+00
   1.52755180999988e+00
   1.50023332580906e+00
   1.56150478271512e+00
   1.50650449208130e+00
   1.49706698514818e+00
   1.51525523598503e+00
   1.50081729218859e+00
   1.51294647869412e+00
   1.50113961757910e+00
   1.51061852809554e+00
   1.50591784564185e+00
   1.55337822708474e+00
   1.50940827928068e+00
   1.50016272738216e+00
   1.51988484420747e+00
   1.52294307017831e+00
   1.52184725503669e+00
   1.50079617041825e+00
   1.49301007774587e+00
   1.51570640801550e+00
   1.49270336864678e+00
   1.49170503765204e+00
   1.49529085095694e+00
   1.50437090018818e+00
   1.49878917590231e+00
   1.53064688191404e+00
   1.50973667105903e+00
   1.50167494389408e+00
   1.50511122298188e+00
   1.48123545984358e+00
   1.47957471157383e+00
   1.52407411251386e+00
   1.49603315932193e+00
   1.48509554736369e+00
   1.52467662745816e+00
   1.46482947669558e+00
   1.48380484284643e+00
   1.48587278888277e+00
   1.49946067714245e+00
   1.49672430852676e+00
   1.46927105858945e+00
   1.52696359639175e+00
   1.47340465143766e+00
   1.47753236494380e+00
   1.47497908926477e+00
   1.48579845129346e+00
   1.48182091256935e+00
   1.51491520189877e+00
   1.48719928444362e+00
   1.48467414074626e+00
   1.50446541885483e+00
   1.50467349104387e+00
   1.50276934088426e+00
   1.53528021532778e+00
   1.50966723852713e+00
   1.46990169040025e+00
   1.49662295346068e+00
   1.49650525925083e+00
   1.51540625267981e+00
   1.47485336182796e+00
   1.47817873827672e+00
   1.54379656803619e+00
   1.52481996156191e+00
   1.49872187868303e+00
   1.49774329950008e+00
   1.51170078566029e+00
   1.50631668159298e+00
   1.52249605810095e+00
   1.48085510672548e+00
   1.49563285606726e+00
   1.50421317861377e+00
   1.50776734095053e+00
   1.50823865695207e+00
   1.50470112072003e+00
   1.50057257415081e+00
   1.48939551350336e+00
   1.53174531123511e+00
   1.48702308977961e+00
   1.54181461399304e+00
   1.49185969893824e+00
   1.50050117314625e+00
   1.49840440750594e+00
   1.50959247172457e+00
   1.48599569642731e+00
   1.50720834402747e+00
   1.49095003664338e+00
   1.48972168540602e+00
   1.56216892922486e+00
   1.53334030598055e+00
   1.49720423579641e+00
   1.48315509635366e+00
   1.47940425186092e+00
   1.49692658542999e+00
   1.48539446704592e+00
   1.51432511779855e+00
   1.49653562957550e+00
   1.49857180650447e+00
   1.48202643579184e+00
   1.48343816899137e+00
   1.47764291317464e+00
   1.49370057628366e+00
   1.50890899365627e+00
   1.50869945623109e+00
   1.49816554639351e+00
   1.47712801646849e+00
   1.50511326846346e+00
   1.47764170763921e+00
   1.49240210592846e+00
   1.49448730733149e+00
   1.48108570987156e+00
   1.49558861222408e+00
   1.46910175587810e+00
   1.47153448241512e+00
   1.48484568686564e+00
   1.48218897091676e+00
   1.47300720290575e+00
   1.48661693823908e+00
   1.50415387236495e+00
   1.49482497839009e+00
   1.45761298845283e+00
   1.47049889831422e+00
   1.46501320597522e+00
   1.47554771075931e+00
   1.48857360311258e+00
   1.48569108664073e+00
   1.49361699450423e+00
   1.51359441456438e+00
   1.47989551799878e+00
   1.50377442764915e+00
   1.47511438930803e+00
   1.47598570652616e+00
   1.49063966801603e+00
   1.48600971684701e+00
   1.45729623433333e+00
   1.47716672143865e+00
   1.47720877720531e+00
   1.45726674023984e+00
   1.50587324205367e+00
   1.46331540080949e+00
   1.45880669660034e+00
   1.46748732327055e+00
   1.48503955932555e+00
   1.47520217716810e+00
   1.45102480841795e+00
   1.52598525986959e+00
   1.46210675271643e+00
   1.48599197911755e+00
   1.44909365115506e+00
   1.46846528778672e+00
   1.46485234152440e+00
   1.46650149076616e+00
   1.50053315060646e+00
   1.45662699300423e+00
   1.46917799051161e+00
   1.49690503966340e+00
   1.45430572094601e+00
   1.46881028844233e+00
   1.46073889164819e+00
   1.45594928169792e+00
   1.46165214585967e+00
   1.49111320886853e+00
   1.50572148943982e+00
   1.49936430552669e+00
   1.48050092260410e+00
   1.46524867583154e+00
   1.45890891973676e+00
   1.57677816698104e+00
   1.50695871420079e+00
   1.51808049791086e+00
   1.49951549603959e+00
   1.47537184721758e+00
   1.49270939369444e+00
   1.45149265917838e+00
   1.46230872033619e+00
   1.47683726763152e+00
   1.51681409229874e+00
   1.47796844851972e+00
   1.46118967641815e+00
   1.46333013815434e+00
   1.48770548514926e+00
   1.51724527090585e+00
   1.47138330518204e+00
   1.57383026780519e+00
   1.50095080877981e+00
   1.45054231682349e+00
   1.51262380828156e+00
   1.47426548065731e+00
   1.51415775053777e+00
   1.48091178343181e+00
   1.48443292884820e+00
   1.46793648129056e+00
   1.46007428170188e+00
   1.46758227544804e+00
   1.47025819764026e+00
   1.47148326589238e+00
   1.45466644128989e+00
   1.46764287841272e+00
   1.50830137364278e+00
   1.48540769849214e+00
   1.46412015616314e+00
   1.44857796251841e+00
   1.51626715582483e+00
   1.45451935992418e+00
   1.45818343563682e+00
   1.45531772642802e+00
   1.48485436672969e+00
   1.54932313743123e+00
   1.46614293928244e+00
   1.51244211546015e+00
   1.51006935595868e+00
   1.46087544873369e+00
   1.47293096544898e+00
   1.45065084109759e+00
   1.49028835947736e+00
   1.47746474948583e+00
   1.47868397067444e+00
   1.46603484467613e+00
   1.49518466061090e+00
   1.46806736731745e+00
   1.46753163738612e+00
   1.45396021300155e+00
   1.51761815147698e+00
   1.45875776028085e+00
   1.49776303606007e+00
   1.47483359061827e+00
   1.48136326227849e+00
   1.48871393176789e+00
   1.45312481269858e+00
   1.58583371591960e+00
   1.52001715911814e+00
   1.47007021611749e+00
   1.50483080918815e+00
   1.45268761090428e+00
   1.45067611701676e+00
   1.45474454331012e+00
   1.48235501943358e+00
   1.47056120087554e+00
   1.46588763757845e+00
   1.45122930720486e+00
   1.47471906309998e+00
   1.48619336309387e+00
   1.44460570220692e+00
   1.45389858370837e+00
   1.46703740031751e+00
   1.45737059870720e+00
   1.43727768376887e+00
   1.41716866766792e+00
   1.50472157052492e+00
   1.45027363591490e+00
   1.55257832778426e+00
   1.47335851119141e+00
   1.46696387034453e+00
   1.45932538163040e+00
   1.45243435329252e+00
   1.46201057666010e+00
   1.44151079267418e+00
   1.46793794683703e+00
   1.44064973276495e+00
   1.43684768274813e+00
   1.44357652027268e+00
   1.47161256130035e+00
   1.44205380104436e+00
   1.46636750695033e+00
   1.45554251715289e+00
   1.45383619195041e+00
   1.47819101555443e+00
   1.45601211388469e+00
   1.51602374319203e+00
   1.48608410500166e+00
   1.44892676739143e+00
   1.52697853768393e+00
   1.45248456902890e+00
   1.43025755566217e+00
   1.44726814625587e+00
   1.46620383694682e+00
   1.44321812672858e+00
   1.45500952551381e+00
   1.47813107633364e+00
   1.43641388694226e+00
   1.46694262328726e+00
   1.44906819802695e+00
   1.47376701744491e+00
   1.49116881554670e+00
   1.48142502393296e+00
   1.46289259584465e+00
   1.48498361400945e+00
   1.47692477797989e+00
   1.46370414469425e+00
   1.46628836200576e+00
   1.47589660833912e+00
   1.43761608872321e+00
   1.44987144190545e+00
   1.46141818268216e+00
   1.42929188147426e+00
   1.44279033565401e+00
   1.46916983901062e+00
   1.42253052639657e+00
   1.50891390288293e+00
   1.44303673754911e+00
   1.44014632487148e+00
   1.43369535300247e+00
   1.43586832712706e+00
   1.43622606314937e+00
   1.46610707421217e+00
   1.49776000452937e+00
   1.44647110868990e+00
   1.48040877815107e+00
   1.44285357726259e+00
   1.49233465330281e+00
   1.48468324148639e+00
   1.46007178509692e+00
   1.44877956308404e+00
   1.46089662542109e+00
   1.46915246947720e+00
   1.47450003532350e+00
   1.44312589888318e+00
   1.46106720933142e+00
   1.44292341032790e+00
   1.44187020700245e+00
   1.45542631334352e+00
   1.43214403306879e+00
   1.49206503455443e+00
   1.43471730751056e+00
   1.44686295043097e+00
   1.45199207289201e+00
   1.44325384890454e+00
   1.45191593910396e+00
   1.46833990394270e+00
   1.44021594449253e+00
   1.45704508737215e+00
   1.47509627638223e+00
   1.42601197619130e+00
   1.44563695220489e+00
   1.44095414315338e+00
   1.45872584532305e+00
   1.44794290247683e+00
   1.45512610940576e+00
   1.44197330829797e+00
   1.43820212543686e+00
   1.44812770991001e+00
   1.43951595503075e+00
   1.46611302458008e+00
   1.46961507364572e+00
   1.44777280506042e+00
   1.47237622701847e+00
   1.42463276765536e+00
   1.42452879164338e+00
   1.42895884462736e+00
   1.47134199114121e+00
   1.43157340887539e+00
   1.45640940871105e+00
   1.44628802001764e+00
   1.46871545419309e+00
   1.46792611443410e+00
   1.42069116818733e+00
   1.45845413878981e+00
   1.49431482388884e+00
   1.42444790591154e+00
   1.43255845285404e+00
   1.39794441467233e+00
   1.45865553675891e+00
   1.40760880541269e+00
   1.41352257135924e+00
   1.40356252092434e+00
   1.50446719623652e+00
   1.40563947221498e+00
   1.45736922236519e+00
   1.42069160574935e+00
   1.41251177337051e+00
   1.45210049705708e+00
   1.46219812664141e+00
   1.45382328595267e+00
   1.43717253509192e+00
   1.42465805265729e+00
   1.41219266099549e+00
   1.40026730848231e+00
   1.48384906099915e+00
   1.42272434459798e+00
   1.40399055698193e+00
   1.41408383308098e+00
   1.41260044630699e+00
   1.38412150900023e+00
   1.40964726528438e+00
   1.43197863807452e+00
   1.42595325614778e+00
   1.36628427585082e+00
   1.41731414095192e+00
   1.40875429572995e+00
   1.37597037954232e+00
   1.39948713901739e+00
   1.39488773012440e+00
   1.42697493504849e+00
   1.42894203073346e+00
   1.41444168572176e+00
   1.38072692811281e+00
   1.42778183427897e+00
   1.38797457925691e+00
   1.44691089464274e+00
   1.36885175370684e+00
   1.40925233990770e+00
   1.45075472357497e+00
   1.43296894304098e+00
   1.40034079794865e+00
   1.41899541776057e+00
   1.39585945406803e+00
   1.42165636247985e+00
   1.44745821781490e+00
   1.40748631593721e+00
   1.42131465091663e+00
   1.38544123413141e+00
   1.39105614255366e+00
   1.39753795364328e+00
   1.42302503202878e+00
   1.43043845700820e+00
   1.45713150974766e+00
   1.43353532685307e+00
   1.37881890279156e+00
   1.40375873756539e+00
   1.39272176014710e+00
   1.41104852639957e+00
   1.42353924212962e+00
   1.38951870496865e+00
   1.41144824315003e+00
   1.40896039955007e+00
   1.38613222106809e+00
   1.39290645626691e+00
   1.41300639685916e+00
   1.36318471897789e+00
   1.37115969277909e+00
   1.42748287301222e+00
   1.42303479660528e+00
   1.42525917716635e+00
   1.40199842794037e+00
   1.39244443794927e+00
   1.42908350560425e+00
   1.42527017589420e+00
   1.45199367885560e+00
   1.43833474483590e+00
   1.38071005844762e+00
   1.38772785534108e+00
   1.38295584964261e+00
   1.42187929515556e+00
   1.47877809088495e+00
   1.42091760182635e+00
   1.39613379313421e+00
   1.39712438219461e+00
   1.42007694900679e+00
   1.39581773528155e+00
   1.42448468372405e+00
   1.43529366485711e+00
   1.42243934464806e+00
   1.40801830896058e+00
   1.39662349843272e+00
   1.42242141197242e+00
   1.42110130604957e+00
   1.39970801672987e+00
   1.36314785680618e+00
   1.38529697005740e+00
   1.39009378121332e+00
   1.38654221886540e+00
   1.43724446535525e+00
   1.43139041097069e+00
   1.36956754143881e+00
   1.38701024013156e+00
   1.37921406556920e+00
   1.39388656945465e+00
   1.36935026100467e+00
   1.33477259834226e+00
   1.40367587607263e+00
   1.40269144087205e+00
   1.38364492781123e+00
   1.37981818289596e+00
   1.36837509921833e+00
   1.38854061087590e+00
   1.37498676847821e+00
   1.42689391751696e+00
   1.40503336720147e+00
   1.36521982218964e+00
   1.38149719051787e+00
   1.36505164161985e+00
   1.41017180205218e+00
   1.34009606602269e+00
   1.33285801455210e+00
   1.38860742250864e+00
   1.36466624511792e+00
   1.40447873526729e+00
   1.38603406742572e+00
   1.40716462411748e+00
   1.44628825645283e+00
   1.43344569560414e+00
   1.40699224815297e+00
   1.35609166079586e+00
   1.36433700649202e+00
   1.36261304447657e+00
   1.37866323415486e+00
   1.37663374245266e+00
   1.38328618973451e+00
   1.37787440357400e+00
   1.36626512113742e+00
   1.37016323182668e+00
   1.33938346121992e+00
   1.36233075445156e+00
   1.33371243569908e+00
   1.40741812136292e+00
   1.37263343817677e+00
   1.35220682181176e+00
   1.36303166691483e+00
   1.38889587341924e+00
   1.36245504168702e+00
   1.38127082953893e+00
   1.37580319712139e+00
   1.35713362574439e+00
   1.38845510690278e+00
   1.37911680654357e+00
   1.35796061018501e+00
   1.42162351472615e+00
   1.34854944433483e+00
   1.35477248946100e+00
   1.35137791226372e+00
   1.37378212341407e+00
   1.33769806909347e+00
   1.35531771738917e+00
   1.38006829026460e+00
   1.36614950999785e+00
   1.38143259321367e+00
   1.39861025353461e+00
   1.40116597812953e+00
   1.36189777655040e+00
   1.35504170356286e+00
   1.39248236203583e+00
   1.37689095699572e+00
   1.37762953178218e+00
   1.32967975888702e+00
   1.35152901893328e+00
   1.35205391222428e+00
   1.33544015981301e+00
   1.39407221995244e+00
   1.36801266764365e+00
   1.44343232753114e+00
   1.39636092448853e+00
   1.37907497482654e+00
   1.39987583682395e+00
   1.37871073535963e+00
   1.41278410181940e+00
   1.43679899756253e+00
   1.39780840011297e+00
   1.40272561195846e+00
   1.37665438283176e+00
   1.40404767056592e+00
   1.39435857095894e+00
   1.43906062025106e+00
   1.39451806256116e+00
   1.43103839685211e+00
   1.39817315771998e+00
   1.40589713303024e+00
   1.39774488968017e+00
   1.38667831002118e+00
   1.37558195072763e+00
   1.35012745559131e+00
   1.34551757252594e+00
   1.32962334995070e+00
   1.33820485535184e+00
   1.38907206507489e+00
   1.38814315593342e+00
   1.35291454842791e+00
   1.38472463787141e+00
   1.37522258903307e+00
   1.36733757541769e+00
   1.40962893723077e+00
   1.38933624729252e+00
   1.37401126605230e+00
   1.35831390916887e+00
   1.38877278917677e+00
   1.37740225160380e+00
   1.38467042309676e+00
   1.37766445679722e+00
   1.34843267317410e+00
   1.39686195635535e+00
   1.43416152426518e+00
   1.43852932297026e+00
   1.44577517478803e+00
   1.44984389408508e+00
   1.43258591483550e+00
   1.41013237127340e+00
   1.39505495639940e+00
   1.38790543884323e+00
   1.38495036660694e+00
   1.38212558077528e+00
   1.38700045547756e+00
   1.36745990508264e+00
   1.37253475819573e+00
   1.35901571891021e+00
   1.39163458706148e+00
   1.40039560379983e+00
   1.38359286383556e+00
   1.35944820791747e+00
   1.34049911521984e+00
   1.41370291005729e+00
   1.32686104566371e+00
   1.36460712409384e+00
   1.33933899940915e+00
   1.35763248016518e+00
   1.35013474304927e+00
   1.38453339111930e+00
   1.39058433676497e+00
   1.37098405567906e+00
   1.39532103503414e+00
   1.36155223113732e+00
   1.39939555271188e+00
   1.35221105611491e+00
   1.35914730477310e+00
   1.36185749611642e+00
   1.35494178935108e+00
   1.39217136768857e+00
   1.38100361807328e+00
   1.34924330959782e+00
   1.40226328787842e+00
   1.35997254069914e+00
   1.37917027794963e+00
   1.35356871770826e+00
   1.36323728208381e+00
   1.33679998879746e+00
   1.38920175971900e+00
   1.35116959923799e+00
   1.37420279710087e+00
   1.38167962701565e+00
   1.39815202900479e+00
   1.34267731049500e+00
   1.42261422451651e+00
   1.42381281386003e+00
   1.33909683136336e+00
   1.34548829783007e+00
   1.35622909894294e+00
   1.42081064804814e+00
   1.36413555798781e+00
   1.37228028526232e+00
   1.41654111984777e+00
   1.34874821072126e+00
   1.37576625292742e+00
   1.34734001420849e+00
   1.30968820160990e+00
   1.35275893129678e+00
   1.45929851319690e+00
   1.36311862459054e+00
   1.33722819468497e+00
   1.33619355996873e+00
   1.41065753459086e+00
   1.35137035126211e+00
   1.33615795640393e+00
   1.36805113385297e+00
   1.41257991829077e+00
   1.38550147298008e+00
   1.37271083630193e+00
   1.36931756616719e+00
   1.36379728640152e+00
   1.35304143246976e+00
   1.35548160313736e+00
   1.37294899078582e+00
   1.36403992113931e+00
   1.40007364908797e+00
   1.38886130274935e+00
   1.34774142677203e+00
   1.34206976736763e+00
   1.37583111386084e+00
   1.33911788211388e+00
   1.34079299354576e+00
   1.36406936883202e+00
   1.36663485480700e+00
   1.37104026171577e+00
   1.35633825789672e+00
   1.35321400015579e+00
   1.36040224805260e+00
   1.35497607314579e+00
   1.33581511032515e+00
   1.39240860079775e+00
   1.36129671829445e+00
   1.39972411019438e+00
   1.39540766823173e+00
   1.38150676068797e+00
   1.35518215232819e+00
   1.38359550371864e+00
   1.39438523317078e+00
   1.41675546470974e+00
   1.37563124000832e+00
   1.43149967333754e+00
   1.36790149369765e+00
   1.35559146628208e+00
   1.37066893894679e+00
   1.45637332450240e+00
   1.34231846314594e+00
   1.42135067600029e+00
   1.39672962550611e+00
   1.39097607419023e+00
   1.35815782828526e+00
   1.37578661127207e+00
   1.38684347029630e+00
   1.40039821162082e+00
   1.38414707580047e+00
   1.38708255631733e+00
   1.37389666419498e+00
   1.37820775741918e+00
   1.39244030561429e+00
   1.44993070741974e+00
   1.40222185188226e+00
   1.49984479667583e+00
   1.42998505526342e+00
   1.41706597434772e+00
   1.42198970288828e+00
   1.40909700504796e+00
   1.43275599905650e+00
   1.40568461115688e+00
   1.38489331485532e+00
   1.41194053265601e+00
   1.38211127840779e+00
   1.40374854526181e+00
   1.39374943557870e+00
   1.39413579835795e+00
   1.44086803636244e+00
   1.40541863758562e+00
   1.40545508161712e+00
   1.40017599607199e+00
   1.39828268782037e+00
   1.37672893061603e+00
   1.39868215680195e+00
   1.36099406370200e+00
   1.41386928913260e+00
   1.34488023576911e+00
   1.40171893083401e+00
   1.37955326510846e+00
   1.38010817429945e+00
   1.35105351240825e+00
   1.37221455784644e+00
   1.38790233275551e+00
   1.38211536313513e+00
   1.41941827301918e+00
   1.37050056118058e+00
   1.35484828942583e+00
   1.38521791554225e+00
   1.37270822709519e+00
   1.39095851522323e+00
   1.37636853763972e+00
   1.40780198764302e+00
   1.37086087106034e+00
   1.33294174293812e+00
   1.41311039028854e+00
   1.33795272966033e+00
   1.38585022927791e+00
   1.37834213359465e+00
   1.36924216441161e+00
   1.34700007809578e+00
   1.38914895256990e+00
   1.35328381211937e+00
   1.36484947621011e+00
   1.32311580823867e+00
   1.34730552014089e+00
   1.33182799358752e+00
   1.34526247920355e+00
   1.33721568270706e+00
   1.36335713991900e+00
   1.35490228309044e+00
   1.36481014440860e+00
   1.30354179990937e+00
   1.34462019483831e+00
   1.34467311014338e+00
   1.32781801919381e+00
   1.30415734840070e+00
   1.34603060933948e+00
   1.31620738999032e+00
   1.34571652541181e+00
   1.28668036436084e+00
   1.31994214147892e+00
   1.37544516339536e+00
   1.37203575053666e+00
   1.32478188816601e+00
   1.30975564454295e+00
   1.33145244167319e+00
   1.28620633693423e+00
   1.30924319703739e+00
   1.29818528882627e+00
   1.29188472823574e+00
   1.31702957398111e+00
   1.29103544902184e+00
   1.28074884164441e+00
   1.27662986328961e+00
   1.30699064359175e+00
   1.28123539055201e+00
   1.30771840239346e+00
   1.32127754898046e+00
   1.31722184617232e+00
   1.28503356251718e+00
   1.28613310198010e+00
   1.26370587888102e+00
   1.37681924353195e+00
   1.28758073062217e+00
   1.29427154301787e+00
   1.34668461138324e+00
   1.27811086126949e+00
   1.26856977841194e+00
   1.30679738218486e+00
   1.27837931168590e+00
   1.27666462768610e+00
   1.33277400604944e+00
   1.29123982517276e+00
   1.31005658710747e+00
   1.28987021381491e+00
   1.26929345343540e+00
   1.29391640840389e+00
   1.25096524416574e+00
   1.27738940146407e+00
   1.26857062247819e+00
   1.23778884801983e+00
   1.24577783432951e+00
   1.30509921305914e+00
   1.24865332862802e+00
   1.26126410160893e+00
   1.25595655273417e+00
   1.23316743949539e+00
   1.25802592022590e+00
   1.25919781604519e+00
   1.31710250261924e+00
   1.29901572498834e+00
   1.22594115084797e+00
   1.34148598867303e+00
   1.29626702895034e+00
   1.31116819908335e+00
   1.23261940190830e+00
   1.34395594723062e+00
   1.25880904670541e+00
   1.28979747360353e+00
   1.27241180995538e+00
   1.33214946878618e+00
   1.27742216232932e+00
   1.28984488069186e+00
   1.32604532679881e+00
   1.27474007531783e+00
   1.33525083979391e+00
   1.29008719202917e+00
   1.30000980685039e+00
   1.33065726244576e+00
   1.34626677446634e+00
   1.29300853711899e+00
   1.29705196516752e+00
   1.36855313632322e+00
   1.29504774253429e+00
   1.29936402843272e+00
   1.27072866360130e+00
   1.31646282925159e+00
   1.30150248516083e+00
   1.27461298359575e+00
   1.27098863329468e+00
   1.34290341062426e+00
   1.26630269411673e+00
   1.28888498909961e+00
   1.29113795600889e+00
   1.31503120782322e+00
   1.30163298093758e+00
   1.33242217159422e+00
   1.29984836570497e+00
   1.26980998568992e+00
   1.29648816841417e+00
   1.30732337515108e+00
   1.34970802399462e+00
   1.27280356016187e+00
   1.29054287535677e+00
   1.30489793361153e+00
   1.26445591057525e+00
   1.26894158037140e+00
   1.27977747100801e+00
   1.29357096560840e+00
   1.29787753526618e+00
   1.25964042545995e+00
   1.27442006371632e+00
   1.27053033742145e+00
   1.32193638625708e+00
   1.31311136524760e+00
   1.27435351635709e+00
   1.28546714360159e+00
   1.30210097642788e+00
   1.28264407158781e+00
   1.26399739711194e+00
   1.34184035614448e+00
   1.28621618505436e+00
   1.27572243044480e+00
   1.24347737372590e+00
   1.23518160437321e+00
   1.24149666223535e+00
   1.29010240255788e+00
   1.23983201642465e+00
   1.25706154657085e+00
   1.27796162535174e+00
   1.28909060290083e+00
   1.28776523917766e+00
   1.25611386544032e+00
   1.27599006056896e+00
   1.32346486985318e+00
   1.27858540552509e+00
   1.33548092204505e+00
   1.30000380924443e+00
   1.38020658939639e+00
   1.31654965490103e+00
   1.29188690740627e+00
   1.27889153372857e+00
   1.26144214592138e+00
   1.30694720061463e+00
   1.32401745210033e+00
   1.25913529656785e+00
   1.28669413879882e+00
   1.26023642752937e+00
   1.29058745975808e+00
   1.27681580834880e+00
   1.26549866308477e+00
   1.26650964157325e+00
   1.25299590690559e+00
   1.32312232799506e+00
   1.33441555695560e+00
   1.27880031997179e+00
   1.24953786866506e+00
   1.23144994140330e+00
   1.28286453283384e+00
   1.23989654075252e+00
   1.28004940322205e+00
   1.29333636102436e+00
   1.28344382920435e+00
   1.24203283467012e+00
   1.29522010519801e+00
   1.26569585993509e+00
   1.23598023422634e+00
   1.30701977115191e+00
   1.23546086433675e+00
   1.24505697088672e+00
   1.25702507067483e+00
   1.22999332752323e+00
   1.32324559406485e+00
   1.22161823600852e+00
   1.24355804167446e+00
   1.25148149622970e+00
   1.24399001500757e+00
   1.26010925516693e+00
   1.26753090889284e+00
   1.26265168842149e+00
   1.27037655956400e+00
   1.24749646297193e+00
   1.29854153037502e+00
   1.25115305720879e+00
   1.29930236331798e+00
   1.27251534294694e+00
   1.30326405585386e+00
   1.25885480971280e+00
   1.25925020570788e+00
   1.22631100622475e+00
   1.28136360019369e+00
   1.25402683217467e+00
   1.26370527857984e+00
   1.21605486169132e+00
   1.26333155031432e+00
   1.24888482266345e+00
   1.24360264001027e+00
   1.23529745363827e+00
   1.22303442954146e+00
   1.25473494513102e+00
   1.25425256057352e+00
   1.32777289910808e+00
   1.20529155406931e+00
   1.24131676854566e+00
   1.27709930229179e+00
   1.21284297440854e+00
   1.20754459241654e+00
   1.21370172622410e+00
   1.29236994501214e+00
   1.21052226593684e+00
   1.20647446641948e+00
   1.25226943131361e+00
   1.17602887769487e+00
   1.21575002361106e+00
   1.20973528431053e+00
   1.24252542935477e+00
   1.22151442359244e+00
   1.19489793414670e+00
   1.20652211943922e+00
   1.29078290061425e+00
   1.23339378606918e+00
   1.30828160998042e+00
   1.18505754447479e+00
   1.22664976947287e+00
   1.26809063544005e+00
   1.18498256462910e+00
   1.21811924019061e+00
   1.21009331795190e+00
   1.28241624526588e+00
   1.21493527877106e+00
   1.21202205035569e+00
   1.22003901910765e+00
   1.23946570224014e+00
