  -1.75120855476033e-01   1.46617045948403e-01  -1.08582771643839e-01   3.32042692044103e-01  -1.20801179821219e-02
   2.17565154998207e-01   3.04462627471282e-01   1.41171712608004e-01  -2.90697681988223e-01   3.25887423845720e-02
  -4.47012559185656e-02  -9.75590119954971e-02   3.19804741640196e-01  -1.47821809046523e-01  -4.43481337143199e-02
   5.62348436928558e-02   1.16983606837056e+00   2.38755577446203e-01  -2.57009991641557e-01   3.97262154879957e-02
  -1.17245053384119e-01   6.28180413428000e-03  -3.27204841766008e-01   5.81104950215819e-02  -8.00088037220939e-01
  -2.14645690193773e-02   3.93179307223689e-01   1.53876061468991e-01   1.74845642040492e-01   8.65509589891153e-01
   4.11560125124598e-02   1.58224952450798e-01   4.20593554072296e-02  -1.42908841924847e-01  -1.18546019018200e-02
   3.35029114831373e-02  -9.43134336558776e-02   4.17923725395277e-02  -3.42765343402671e-02  -3.58864361498451e-02
   5.03841110923825e-02  -2.17697543607391e-01  -1.35817498665434e-01  -2.00381452304461e-01   4.66123852556726e-02
  -1.80198622594697e-01  -1.19062200786614e-01   5.84137776238132e-01   3.64306828150513e-01   4.91654068297251e-02
   3.77742738555074e-02  -1.60448181556827e-03   8.88662296853348e-02  -2.04273821706210e-01  -1.01306117002423e-03
  -4.92891301548856e-03  -5.46403645254579e-02  -1.38186531119608e-01   5.15038213558105e-01  -7.47356403098620e-02
   7.43525867003964e-02   8.54347191644861e-02   2.52119840765523e-01  -5.39809101165400e-01  -8.43782271331987e-02
   8.56957995335262e-02   4.80059268036890e-02  -1.55717543417681e-01  -6.22709087450316e-02   2.19955939593738e-02
  -3.95059569964005e-04   3.96156531790065e-02   3.54291138420825e-01  -4.14970906707123e-01   5.83256533038241e-02
   8.88549621446107e-02   6.13288656890137e-02   1.36107951476367e-01  -3.71997096403661e-01   3.55865334940091e-02
  -9.15958275633190e-02  -9.69100022717015e-02  -7.04189889715875e-02   4.72729238722434e-01  -9.86733249774590e-02
  -9.97711905123299e-02  -6.44109154060788e-02  -1.28013906828405e-01   1.94551900983313e-01   8.63259109334532e-03
   1.66898708874616e-01  -8.25056595200405e-02   7.35677893997988e-01  -3.13750859978617e-02  -2.89501777396301e-01
   4.01407695815474e-02  -1.19308566871883e-01  -2.95013968380075e-02  -2.34397169056792e-02   1.05385608206866e-01
  -1.26628998688473e-02  -1.43418717204129e-02   1.86950044626987e-01   2.05616203336889e-02  -4.55484496029986e-01
  -3.55068446355165e-01  -1.72377577818255e-01   8.63895223485878e-02   2.47947473772426e-01  -3.29585955180706e-02
  -5.88844912997060e-02  -4.98465749520402e-02   1.45117308718189e-01  -4.05065329378091e-02  -1.49730723402639e-02
  -5.77308193666962e-02   4.17826889825755e-01   1.22468613849279e-01   9.40277242704027e-02  -7.89233836018316e-02
   9.95145121143914e-02  -4.70986593667248e-02  -1.89665585841855e-01  -9.90518912913003e-02   1.75493907084828e-01
   1.42828039767113e-01   5.74328185943731e-02  -1.78995995473148e-01  -3.14140169618393e-01   4.02871291232819e-02
  -3.39609357526223e-02   7.87163292920977e-02  -1.56811639062706e-01   4.18306402244130e-01  -9.76203923809702e-01
  -4.00702128655529e-01  -3.47137675749917e-01  -1.59809105960881e-01   3.52821506159007e-01   6.86249888375491e-02
  -2.27658686538990e-01  -2.37309215952082e-01   1.61707776270375e-01  -6.73915109562444e-02  -4.45318176515223e-02
   2.27021223286813e-01   4.16208928083454e-02  -2.52110254397800e-01  -7.76102388540905e-02   4.20094540660402e-02
