  -4.72787506528037e-03  -1.52559217125519e-03   1.22340570847562e-03   8.19590921461561e-03  -8.45851168404370e-04  -1.20126673483792e-02  -8.38813053760128e-03  -2.36336858525339e-03   7.09732826955859e-03   1.30246815909877e-02
   4.60749083695748e-03   2.53354050564585e-03  -8.94990519501175e-04  -9.42700621368990e-03   3.05985919604003e-04   1.59209063733199e-02   1.16336983656595e-02   1.35460959692226e-03  -1.19522685626426e-02  -1.41609411229483e-02
   1.32537522519386e-03   8.07553824972142e-04   3.93874248124459e-04  -1.88298285128163e-03  -1.29041551944530e-03   3.49760727028519e-03   3.28172636326912e-03  -8.06843785979593e-04  -3.85827749447442e-03  -2.06982474184582e-03
   1.91961308964139e-04   9.89449780509875e-04   3.00864444978605e-03   2.07944548736849e-03   7.44382798468299e-04   3.53054786967079e-03   6.11476453438332e-03  -6.33602794849928e-03  -1.12822054344556e-02   5.43689618625834e-04
  -6.58606601879495e-03  -3.78708558686997e-03   3.93121581042086e-03   1.44117398387358e-02  -1.55060918125689e-03  -1.75394281188335e-02  -1.06385786626010e-02  -8.43528597274876e-03   5.65798515636223e-03   1.99451353203388e-02
   1.96717612048321e-02  -2.15555295553015e-02  -1.32088725322016e-02   1.70676068556407e-01   1.16543102664321e-01  -8.59171147290963e-02  -9.71922867057537e-02  -1.11292508291853e-01   8.48166538936811e-02  -4.73315006069791e-02
  -1.08557957195387e-04  -1.66029490458077e-04  -5.35205130224498e-05   3.47149645740147e-04  -6.32301813878788e-06  -7.64958714720956e-04  -2.90640521531567e-04  -1.39527432122602e-04   7.45737126081964e-04   5.57433321619628e-04
   1.44770590037979e-03   1.25141247135986e-04  -2.23262229490612e-03  -3.93239576735805e-03  -8.11737122861707e-04   1.90817006568518e-03   2.30413395163653e-04   5.10128885788357e-03   4.90012563658222e-03  -4.63657624992311e-03
  -7.77080913635227e-03  -5.72358379958234e-03   3.28560893828590e-03   1.73104608817963e-02  -2.42955871903235e-03  -2.27157820179708e-02  -1.48419316860381e-02  -7.10023090007212e-03   1.44850428553809e-02   2.30172136725275e-02
   1.43838695183870e-02   8.92167176009311e-03  -3.30611826154577e-03  -3.59875757233397e-02   6.13023269204742e-03   4.88949814893388e-02   5.38960493712743e-02   7.51574276043524e-03  -4.22047134226283e-02  -4.45388032401084e-02
  -2.77785743662538e-02  -2.62719005060329e-02  -5.57585713005767e-02   2.29734018283860e-03  -6.58044869585398e-02  -7.16917905202050e-02  -1.14330163661971e-01   1.73156470433278e-02   1.86272233957206e-01   1.35779126574689e-01
   2.03314828759063e-02   2.00973209448406e-02  -1.69324923738742e-02  -8.13317078035218e-02   1.66437981612604e-02   4.52630118455899e-02   6.20553788122526e-02   3.41858872652072e-02  -1.00254846715069e-02  -9.08210777022239e-02
   1.26510588430109e-03   6.64055180531216e-04   4.41927694718947e-04  -1.13939036560603e-03  -1.25362927189481e-03   3.68492606702736e-03   3.15267723171598e-03  -8.21460163603895e-04  -4.16101792280374e-03  -1.65505330215878e-03
  -1.09930869227353e-02  -1.03715802779510e-02   1.99424691972259e-03   3.74506479654603e-02  -8.35834867045636e-03  -5.36351105666683e-02  -5.67832325408604e-02  -2.24881238862098e-03   4.69852169197246e-02   4.58079716198592e-02
   7.22331020821443e-03   4.93284804021079e-03  -2.53621009751404e-03  -1.57469100054279e-02   2.18690390261478e-03   2.12989309976479e-02   1.40492241921180e-02   6.09868325843471e-03  -1.35805221488846e-02  -2.18819030008802e-02
   1.32023198560080e-02   7.67001670329147e-03  -4.03220450810076e-03  -2.88254041284773e-02   3.76147398154851e-03   3.88761372441455e-02   4.03564404513809e-02   9.95834016369047e-03  -3.16750703074892e-02  -3.77162632774877e-02
   8.54363266236688e-04   3.58355611590912e-04   1.34726739911728e-04  -6.82042194225430e-04  -3.41530035746838e-04   1.62173375952706e-03   1.09439093381670e-03  -2.41015149964620e-04  -1.57094903204453e-03  -9.00428244349838e-04
   1.41801040297199e-03   8.52357169813798e-05  -2.20572741573316e-03  -4.30346454612170e-03  -8.15936330240410e-04   1.81138688081780e-03   1.75785797907457e-04   5.15721091371688e-03   4.89712306584953e-03  -4.63315323289449e-03
  -1.15113585160099e-02   2.97671588358125e-02   6.71671079115769e-02   2.47471561582709e-02   6.72464010970711e-02   7.80280659357733e-02   1.60828416248257e-01  -2.07906269274724e-01  -1.45480300044851e-01  -7.67673582547721e-02
  -5.90749213256631e-03  -3.53678079773905e-03   2.47438568716113e-03   1.26810260454241e-02  -1.29521796033187e-03  -1.80165214927709e-02  -1.20741250119612e-02  -4.41261720221397e-03   1.09850083277228e-02   1.83615381248899e-02
  -9.89387222724655e-03  -8.88859872547537e-03   3.14780993149502e-03   2.45271986802296e-02  -5.29233292106065e-03  -3.15928618615022e-02  -1.97312607320929e-02  -7.95709895619157e-03   2.16737953753674e-02   3.03556141178657e-02
  -2.75851587565844e-02   1.77689839545755e-02   3.92116282276158e-02   4.62336208827559e-02   3.88521585077835e-02   7.38388719325870e-02   1.28471959430049e-01  -1.90362227482390e-01  -1.73460430668569e-01   4.19910194457793e-02
   2.71249541108396e-02  -2.40061815742817e-02  -2.39867129592867e-02  -4.38948295256566e-02  -8.40219366626682e-02  -8.14710917352272e-02   1.04686093135266e-01   6.76089928243282e-02   1.40853956988366e-01  -7.45627870729938e-02
  -4.16538199239264e-03  -2.15179133318084e-03   1.91109672887714e-03   9.84232910290934e-03  -7.21323404036789e-04  -1.48677353825589e-02  -9.68830043953072e-03  -2.90754748466712e-03   8.54627206843725e-03   1.52477928792203e-02
   3.05536873410965e-02  -1.36457980800353e-02  -1.44947449711574e-02  -3.75389287013674e-02  -5.72221616281321e-02   3.26924044119020e-02   1.34268698383769e-01   1.85283637628677e-01  -1.51975322336541e-01  -9.75023311866123e-02
   2.44185765572596e-02  -2.05882823552309e-02  -3.57748325671252e-02  -6.06190344552426e-02   5.12492712264096e-03  -1.89087012989926e-02   5.86753616172082e-02   6.50992529981390e-02   1.04691852596328e-01  -1.10075610379042e-01
  -1.29331499493405e-02  -2.04296479110248e-02  -5.78989782951356e-03   3.68806038995472e-02  -3.09032299705807e-02  -7.88837698480673e-02  -2.76444848802653e-02   2.79801000940499e-02   5.33412724345681e-02   4.50967429188182e-02
  -2.13173561849713e-02  -7.98529824493586e-03   5.04589613113413e-02  -2.90101846122819e-02  -7.64431405981559e-02   1.62437284163814e-01   2.23119653989519e-01  -1.64895213238100e-01  -1.00970328103873e-01  -4.55087991703675e-02
   1.47608612006399e-03   1.95027535604178e-04  -2.39132407078569e-03  -4.56551910493833e-03  -8.36395973631375e-04   1.80540703905959e-03  -2.53254287599522e-05   5.60730452264643e-03   5.35004934005058e-03  -4.71306955421862e-03
   2.29203693910098e-03   6.33245216645106e-04  -3.71164649905108e-03  -7.38419574045760e-03   2.55264302520896e-04   4.62264191067381e-03  -7.03980807950945e-04   8.28001477060114e-03   7.19184877743390e-03  -8.60906018571318e-03
   1.39683559239832e-02   7.98442034766353e-03  -4.82504933435716e-03  -3.31710698705786e-02   4.89821069628028e-03   4.24567154941233e-02   4.73910739673800e-02   1.19147617535963e-02  -3.46718156605280e-02  -4.19566242429136e-02
   1.03751812283541e-02   1.90704520930605e-02   1.12140877548460e-02  -3.04154863002675e-02   3.08509789744242e-02   8.29330994215185e-02   3.18660156432212e-02  -4.81248461047520e-02  -5.72714513530046e-02  -4.01312063305059e-02
   2.03731227559401e-02   2.05489795240583e-02  -1.43872424243505e-02  -7.90937591889798e-02   1.67648622722602e-02   4.99656213364542e-02   6.40602705618563e-02   3.08258024774317e-02  -1.94522173061404e-02  -8.78117141741738e-02
  -1.39537217318747e-03   3.18903751226330e-04   1.61633405800025e-03   3.31366515723787e-03   6.55147211914470e-04  -2.83023833117567e-03  -1.41409634458154e-03  -3.48054980759156e-03  -2.61433198606957e-03   5.17273835473038e-03
  -2.01485087974356e-02  -1.92101507190854e-02   2.25222808418862e-02   8.85381179867998e-02  -1.46783596914894e-02  -3.82286896324397e-02  -6.13088067905201e-02  -5.11411726090723e-02   3.43494994225500e-03   9.02252489298441e-02
   7.60408244031640e-03   6.37619369967776e-03  -3.70948499669108e-03  -1.91504782456333e-02   2.87047766669971e-03   2.35209292675819e-02   1.53060620095166e-02   8.08524140864214e-03  -1.43374393962510e-02  -2.47516983059519e-02
   2.43697802983011e-02  -2.16993117247660e-02  -3.57829030068094e-02  -6.09800096972968e-02   4.36848633164632e-03  -1.88237743123913e-02   5.80437940704186e-02   6.57299647043543e-02   1.04502499197888e-01  -1.08815273156973e-01
  -2.10915360525265e-02  -3.42905038938738e-02  -7.37923145044439e-02  -5.07746201346152e-02  -9.23109665217236e-02  -1.27485895212987e-01  -1.32200609775870e-03   1.89889450339040e-01   1.30307842073441e-01   8.10119978369959e-02
  -6.60120614347152e-04   5.03965214395646e-04  -4.79296830407385e-03  -5.11347684209686e-03   4.74330346242759e-03   1.09018861331644e-03  -1.41774882154008e-02   8.01078315411134e-03   1.34401499661950e-02  -4.80159158785656e-03
   2.79534076599701e-02  -1.78014803289499e-02  -3.92355530361627e-02  -4.58104134612166e-02  -3.86826191692436e-02  -7.35852626412325e-02  -1.30029588589977e-01   1.89732894571467e-01   1.74510342229962e-01  -4.24328459110797e-02
  -3.04595156630164e-02   1.33411685813538e-02   1.65097580643495e-02   3.87852282691664e-02   5.47475337266803e-02  -3.56504105336498e-02  -1.34171898378546e-01  -1.83304663946985e-01   1.52123089871283e-01   9.78172358070249e-02
   9.58988762906927e-03  -2.11668059524409e-03  -4.03763010417153e-02  -7.65967861537759e-02  -8.59458610936834e-02  -7.57277361052572e-02   1.32784013836388e-01   2.02071388808953e-01  -2.94364714064392e-02  -3.24689146333646e-02
  -7.29416516331587e-04   9.96273091404580e-04   9.76259252008351e-04   1.30276454397403e-03   7.53489563563281e-04  -1.56789300419575e-03  -1.31615758626692e-03  -1.97866118182454e-03  -1.68753930284298e-03   3.23587779095210e-03
  -8.80180944544348e-04   3.00488816636407e-04   3.00899646784211e-03   4.01523703757480e-03   9.43187028259436e-04   4.82914742762868e-04   2.73818537440164e-03  -6.65969998652837e-03  -8.76898420231198e-03   3.17429360810065e-03
   1.94050528298372e-03   1.55227408171900e-03   2.23811775485275e-03  -1.17233884946732e-03  -1.77102898591425e-04   5.95515857405434e-03   1.13808151730307e-02  -3.72638006455143e-03  -1.20990827126943e-02  -3.06874869040942e-03
  -8.14116650098291e-05   1.82363279955083e-04   4.53696337299147e-03   4.89230226742662e-03  -2.75539829247145e-03  -3.70797643121548e-04   9.29374738172366e-03  -7.72253086932493e-03  -1.26239667299101e-02   5.23416196511897e-03
   8.69050537395516e-05  -6.85110610710450e-05   2.69218173502199e-03   2.58688965928682e-03   6.89427910257561e-04   2.69140539823272e-03   7.93618000534809e-03  -7.32028666683348e-03  -1.02600228460125e-02  -2.50299803859723e-04
  -2.06987558747721e-02  -3.46717704831952e-02  -6.28548044881507e-02  -5.20410451207328e-02  -9.59866487017147e-02  -1.32507226296450e-01   6.83736458019569e-03   1.88773454819481e-01   1.28810027698165e-01   7.70086620667531e-02
   1.04023799941525e-02   1.76093149960775e-02   1.23200989435064e-02  -2.62601186275340e-02   2.51882839734882e-02   7.94295707929173e-02   4.20877754409906e-02  -5.53235699804328e-02  -5.91605043232221e-02  -3.76585600012911e-02
  -1.02928267121456e-02  -7.54732301787637e-03   3.91243222968839e-03   2.88030157362022e-02  -3.64032300149528e-03  -3.83604671664580e-02  -3.98715922729405e-02  -9.75370938470528e-03   3.15720832325634e-02   3.68220666498996e-02
