   5.86034912718205e-01
   6.68329177057357e-01
   6.75810473815461e-01
   6.78304239401496e-01
   6.78304239401496e-01
   6.78304239401496e-01
   6.83291770573566e-01
   6.90773067331671e-01
   6.88279301745636e-01
   6.90773067331671e-01
   6.90773067331671e-01
   6.90773067331671e-01
   6.88279301745636e-01
   6.90773067331671e-01
   6.85785536159601e-01
   6.85785536159601e-01
   6.85785536159601e-01
   6.85785536159601e-01
   6.85785536159601e-01
   6.83291770573566e-01
   6.83291770573566e-01
   6.85785536159601e-01
   6.85785536159601e-01
   6.85785536159601e-01
   6.83291770573566e-01
   6.83291770573566e-01
   6.83291770573566e-01
   6.83291770573566e-01
   6.83291770573566e-01
   6.83291770573566e-01
   6.80798004987531e-01
   6.83291770573566e-01
   6.83291770573566e-01
   6.83291770573566e-01
   6.83291770573566e-01
   6.83291770573566e-01
   6.80798004987531e-01
   6.80798004987531e-01
   6.80798004987531e-01
   6.80798004987531e-01
   6.80798004987531e-01
   6.80798004987531e-01
   6.78304239401496e-01
   6.78304239401496e-01
   6.78304239401496e-01
   6.80798004987531e-01
   6.80798004987531e-01
   6.80798004987531e-01
   6.80798004987531e-01
   6.80798004987531e-01
   6.80798004987531e-01
