   0.00000000000000e+00   1.59009528818112e+00   1.79948801600086e-01   5.20000000000000e-01   9.30232558139535e-01
   1.00000000000000e-01   1.39303852896528e+00   3.07497034929301e-01   5.70000000000000e-01   9.00332225913621e-01
   2.00000000000000e-01   1.23422018477836e+00   4.06496956757908e-01   5.20000000000000e-01   8.60465116279070e-01
   3.00000000000000e-01   1.01069585668230e+00   5.75486836754127e-01   5.90000000000000e-01   7.74086378737541e-01
   4.00000000000000e-01   9.87243705461527e-01   6.50196926511056e-01   5.90000000000000e-01   7.47508305647841e-01
   5.00000000000000e-01   9.42601069912872e-01   6.99873802903366e-01   6.00000000000000e-01   7.24252491694352e-01
   6.00000000000000e-01   9.29201974338564e-01   7.12980938894747e-01   6.30000000000000e-01   7.37541528239203e-01
   7.00000000000000e-01   9.25997771288078e-01   7.50850587965537e-01   5.80000000000000e-01   7.17607973421927e-01
   8.00000000000000e-01   9.21607686659959e-01   7.84508318218775e-01   6.10000000000000e-01   6.91029900332226e-01
   9.00000000000000e-01   9.16327919374101e-01   7.53578621790000e-01   5.90000000000000e-01   7.00996677740864e-01
   1.00000000000000e+00   9.17913544570683e-01   8.01336697037424e-01   5.90000000000000e-01   6.81063122923588e-01
   1.10000000000000e+00   9.19941758532476e-01   8.10963893968885e-01   5.90000000000000e-01   6.74418604651163e-01
   1.20000000000000e+00   9.28209193626429e-01   8.22510050207709e-01   5.90000000000000e-01   6.71096345514950e-01
   1.30000000000000e+00   9.32202587174261e-01   8.28003536317664e-01   6.00000000000000e-01   6.74418604651163e-010
