   1.07147614944641e+00
   8.52964648280051e-01
   8.23624585733708e-01
   8.10509447176030e-01
   8.03137188127596e-01
   7.98781179542164e-01
   7.96268412307098e-01
   7.94823673140651e-01
   7.94097292766189e-01
   7.93829756004761e-01
   7.93866608432529e-01
   7.94091309805782e-01
   7.94437890649401e-01
   7.94860361366362e-01
   7.95327159112512e-01
   7.95815084752612e-01
   7.96306132116586e-01
   7.96786521986907e-01
   7.97249385196922e-01
   7.97688707036684e-01
   7.98101438721967e-01
   7.98484923779237e-01
   7.98837612001838e-01
   7.99158864471190e-01
   7.99448760443177e-01
   7.99707783713497e-01
   7.99936577788347e-01
   8.00135789502646e-01
   8.00305985361930e-01
   8.00447767148828e-01
   8.00561078819434e-01
   8.00646224743031e-01
   8.00703273275514e-01
   8.00732157021367e-01
   8.00732726255145e-01
   8.00704746395482e-01
   8.00647886840559e-01
   8.00561705995803e-01
   8.00445724341199e-01
   8.00299371403942e-01
   8.00121809906549e-01
   7.99912452366468e-01
   7.99670037139170e-01
   7.99393149364315e-01
   7.99079933490922e-01
   7.98728225262767e-01
   7.98335544254920e-01
   7.97898898138691e-01
   7.97414607462959e-01
   7.96878063141501e-01
   7.96287471771725e-01
