   3.03907933214696e+00
   3.13738707593575e+00
   2.19124459875684e+00
   1.86257464228437e+00
   1.72843701234757e+00
   1.61079559726865e+00
   1.51381756960116e+00
   1.42171048259121e+00
   1.44113029855475e+00
   1.46332336449372e+00
   1.34598409458351e+00
   1.27302929003901e+00
   1.16484395694507e+00
   1.08434269728225e+00
   1.01928668446504e+00
   9.57463550526991e-01
   9.02127306969002e-01
   8.51075900559909e-01
   8.04802463801946e-01
   8.15251151363678e-01
   9.41225832262357e-01
   1.37757204622530e+00
   1.42809008533795e+00
   1.29700581191460e+00
   1.12302766780501e+00
   1.09191856288091e+00
   1.01496831220162e+00
   9.14550664447646e-01
   1.30453720898879e+00
   9.29176724919335e-01
   9.02132659769986e-01
   8.40705092147791e-01
   7.05838831725352e-01
   6.63738062601390e-01
   6.07614259841568e-01
   5.75836778015687e-01
   5.81785551899642e-01
   6.24923312500650e-01
   7.15316007331058e-01
   5.77052970225746e-01
   5.48909788155675e-01
   5.19129838070605e-01
   4.82836961472974e-01
   4.89893967039643e-01
   4.86677056668773e-01
   4.82263565537216e-01
   4.65846578912869e-01
   4.55281708577128e-01
   4.40736033749203e-01
   4.99617648522296e-01
   4.20793291623545e-01
   3.94586695784073e-01
   3.91643177495833e-01
   3.88682844185300e-01
   3.62540291554633e-01
   3.97467086211992e-01
   3.68855597555642e-01
   3.48094336117956e-01
   3.85007466174222e-01
   4.61599425282916e-01
   4.22766156989771e-01
   3.67148489124719e-01
   3.26313521355100e-01
   3.25100177842175e-01
   3.20718611560769e-01
   3.22200692937557e-01
   3.07793948960348e-01
   3.27270907797568e-01
   3.34462762215479e-01
   5.71717162664064e-01
   4.98582068502780e-01
   3.52354891230635e-01
   3.84817154441813e-01
   3.29356831777357e-01
   2.91977389764376e-01
   2.70505253567313e-01
   2.71662827186134e-01
   2.77793427390810e-01
   2.52077899905099e-01
   2.72856308507901e-01
   2.89983214987639e-01
   2.63652719901319e-01
   2.77589588179272e-01
   2.53820714117007e-01
   2.35665274310460e-01
   2.59577017310607e-01
   2.51467151861190e-01
   2.36837346309765e-01
   2.60777810255875e-01
   2.30986569176648e-01
   2.28556894072578e-01
   3.29454037055315e-01
   2.85648363776206e-01
   2.34252064549471e-01
   2.34190271997367e-01
   2.15070917645721e-01
   2.09254307907555e-01
   2.08017960483702e-01
   2.33590558571668e-01
   2.03557690649195e-01
   1.87698866860768e-01
   2.25844881131184e-01
   2.62336618122947e-01
   2.47242564052626e-01
   4.96172355883095e-01
   2.57525630350688e-01
   2.07788452871864e-01
   3.00481706311189e-01
   2.25031394641116e-01
   1.72995332850025e-01
   1.89748587799568e-01
   1.77277871870515e-01
   2.31812014516348e-01
   1.74689149737597e-01
   1.62242250129383e-01
   1.58184989805261e-01
   1.66807498648783e-01
   1.77923347633661e-01
   1.86697101734696e-01
   2.08992202955721e-01
   4.22967329150758e-01
   2.02614039193274e-01
   6.52308692456802e-01
   9.77072705506371e-01
   3.72279915492863e-01
   3.18480388271307e-01
   2.38609432058128e-01
   3.63607465809848e-01
   3.39937154131766e-01
   3.33743170323554e-01
   1.83981474816104e-01
   1.60736592049089e-01
   1.33971181057278e-01
   1.27316312731806e-01
   1.18781373954539e-01
   1.15602483535242e-01
   1.14385001263008e-01
   1.11429967420893e-01
   1.13442425785850e-01
   1.07271927586154e-01
   1.05949844432940e-01
   9.79491448034269e-02
   1.00199380230912e-01
   9.42763108553978e-02
   9.46524838114232e-02
   8.64876803266499e-02
   8.93874779491385e-02
   8.39463747961809e-02
   8.48292936283635e-02
   7.73699779739431e-02
   7.97252679922541e-02
   7.47657237015366e-02
   7.59979654392486e-02
   7.00578275939920e-02
   7.12437440520150e-02
   6.67879208224582e-02
   6.73929713340159e-02
   6.35138789413226e-02
   6.35696665936725e-02
   6.06249340449643e-02
   6.03082052183105e-02
   5.80852994549818e-02
   5.75513038486050e-02
   5.58225096562318e-02
   5.51680956671163e-02
   5.37673842018563e-02
   5.30495549042567e-02
   5.18717906992338e-02
   5.11247280954403e-02
   5.01038577557741e-02
   4.93495611747245e-02
   4.84428183859649e-02
   4.76971699574087e-02
   4.68764671871662e-02
   4.61518078131610e-02
   4.53989023975026e-02
   4.47042775999347e-02
   4.40073080163174e-02
   4.33479638487287e-02
   4.26987963575311e-02
   4.20763513463689e-02
   4.14689356042115e-02
   4.08824444263792e-02
   4.03120182275952e-02
   3.97592220122908e-02
   3.92219191686329e-02
   3.87001231308148e-02
   3.81927069444441e-02
   3.76992081727169e-02
   3.72188542405855e-02
   3.67510626471185e-02
   3.62951779300038e-02
   3.58506066130089e-02
   3.54167893624284e-02
   3.49933080389572e-02
   3.45799493340203e-02
   3.41766472768782e-02
   3.37832572086536e-02
   3.33994603863521e-02
   3.30248815432644e-02
   3.26591772847823e-02
