   1.34034671453201e-01  -3.52756709905072e-01   1.57183687682570e-01   1.74327833093143e+00   1.45367638641369e-01   8.34934714023731e-02   1.38321790566000e-01   2.75021137035493e-02  -1.87446714102618e-02   3.70813493056329e-01  -2.42926962602999e-01  -1.92656556962919e-01  -1.43590081398155e-01  -6.43339440629309e-02   3.66500707311842e-01  -1.51165475207472e-01   2.64773391448790e-01
  -1.86834449677360e-02   3.47996476646671e-02   3.11710778800478e-01   1.20940423693396e+00   5.02759632745681e-01   4.31134522903073e-01   3.98577839759946e-01  -3.28076643397971e-02   5.46834287370552e-02   2.38172134051396e-01  -2.61376019497718e-01   6.09590571502805e-02  -6.22450304399871e-01   1.13568861838751e-01  -1.22249852737712e-01  -2.60291408400096e-02   2.98080837775997e-01
   1.02277077484459e-01   6.04913802577868e-02   2.93825972986676e-01  -1.86499152531395e-01   1.14481791895932e-01  -9.07805404691001e-02   9.77065633968305e-02   1.25104830028200e-01   7.82743254530568e-02   3.05929964596452e-01  -2.92944193732051e-01  -1.04106756553595e-01   1.08728872421543e-01   8.76287144418960e-02   8.73786708906992e-02  -9.92030546173442e-02   2.98446358403091e-01
   9.80859213945604e-02   2.11489304693913e-01  -1.22638062076611e-01   3.59796168124020e-01   7.22109420970502e-02   1.68532411469795e-01   6.88883164055704e-02   1.24504785294203e-01   1.49078184743449e-01  -9.35783525785423e-02   9.93784593340771e-02  -8.07383139634309e-02   1.96165327577995e-01   1.15378923720541e-01   1.35271868760443e-01  -1.50176094854693e-01  -1.09070409121768e-01
   3.17201956493648e-01   3.37597291658587e-01   1.16473897204144e-01  -3.60570879343586e-02   3.09406807745600e-01   8.04812056326192e-02   7.32466697839196e-02   3.15308206171325e-01   3.17901234240252e-01   8.67096848252693e-02  -2.83515516996004e-01  -2.85466548834553e-02   3.45232702567607e-01   2.59514463246816e-01  -1.44344336494314e-01   5.19652363154488e-02   1.04800526733363e-01
   2.88433094301011e-02  -3.29846519435429e-01   5.62956079406452e-02   6.18252822382831e-02   1.77803525852550e-01  -2.06804157526986e-01   7.42839689223515e-01   7.39589053524799e-02  -2.38276613092631e-01  -1.12332759806170e-01  -1.11270891429636e-01  -1.21827606653184e-01  -2.40487324431746e-01  -1.20888616343278e-01   1.71030094758298e-01  -1.58724590095490e-01  -1.18681843261926e-01
   1.91436666698811e-02  -4.26488414314279e-02  -3.46605644274211e-02   2.75136465918221e-01   4.43906557643961e-01  -2.79742246447642e-01   2.40485982150532e-01   1.46014542995839e-01  -2.13243550821812e-02   1.40319699440380e-02  -5.09405616536162e-02  -2.57656442233760e-01  -2.96933112288061e-01  -6.04066550036365e-02   2.78201544839455e-01   2.47568111715252e-01  -7.49008245622364e-02
   1.06708468900290e-01   4.57274399884740e-02   3.03939280517056e-01   9.35327166833648e-02   2.93586307148415e-01  -1.08054924125853e-01   1.05449686869124e-01   9.24535162701178e-02   9.87146498500501e-02   3.19891076613350e-01  -3.07974101895184e-01  -9.34172092709786e-02   1.06909960580712e-01   9.13031999368014e-02   9.18254208446953e-02  -7.62414953737709e-02   3.12182500601513e-01
  -1.15833144254925e-01  -5.21211133546724e-02  -3.09921017342808e-01  -3.53700146367388e-02  -2.71640637240399e-01  -9.19599056450657e-02  -1.12484652629575e-01  -1.57622813039155e-01  -6.85513856177995e-02  -3.25055462883399e-01   3.13384068175799e-01   6.23093579071026e-02  -1.08914080054126e-01  -7.53920720509982e-02   8.26312863456341e-02   7.75235072502461e-02  -3.42810497357147e-01
   7.45835051966914e-02  -1.29391026490390e-02   3.43822737908767e-01  -2.77710948036709e-01  -7.91736337992639e-02  -7.66378569714004e-02  -9.77592786281906e-02  -1.09320876872531e-02   1.65296788031060e-01   3.72251241879271e-01  -1.96601847038807e-01  -6.33442012280682e-04  -6.61617179328142e-02  -5.68112287926869e-03   1.53672913549116e-01   4.36979096318668e-02   3.50589270263823e-01
   4.18169111096973e-01  -2.22136218223379e-01  -5.77219798171094e-02   3.01416310658795e-01   1.77453105641021e-01   1.20323296716048e-01   9.68872504133293e-02   4.11437478701075e-01   5.92788911942715e-02  -2.46223018105448e-02   3.74299106919750e-02  -8.18225186602199e-02   3.72263127726425e-01   7.96471095872646e-02   1.51558949155088e-01  -3.07340265094136e-02  -1.05624813369390e-01
  -2.82779878961051e-01  -2.71653778551320e-01   1.86879542546672e-01   1.60419114437996e+00  -1.28674489559906e-01  -9.84186207366717e-03   2.91010534116794e-01  -4.01908614866508e-01  -2.69677101766194e-01   3.97374693090691e-01  -2.93465028433125e-01   2.00812147724473e-01   2.18974701556146e-01  -2.03364462090648e-02   2.87612130172528e-01  -1.68168477903444e-01   3.26783422585944e-01
  -9.49668605991132e-02   9.70604587649466e-02  -2.69728335724491e-01  -7.80689969486031e-02  -2.91607185696243e-01  -1.13431894654453e-01  -2.93873701388066e-01  -9.55918147683178e-02  -9.33890592155300e-02  -3.03363473182973e-01   3.00679305296280e-01   9.28664223946792e-02   1.12293254519869e-01   9.07457099057994e-02  -9.76152685435952e-02   4.57567714572750e-02  -3.03626297658750e-01
   1.98823488734109e-01   3.22091532537637e-01   1.95225785914226e-01  -7.84585885997852e-01   1.34827304808740e-01   7.45682354169986e-01  -6.76279052311883e-03   3.57515895604990e-01   2.72928276629507e-01  -3.65041844222318e-01  -4.61707108776463e-02   5.75885063885483e-01   6.17025791184674e-01   1.57348620221716e-01  -2.15600271867053e-01   3.35135926833848e-01   1.11946458616491e-01
   3.03123317483716e-01   4.55026440648685e-01   8.76683153542671e-02   4.97062774983013e-01   2.52681086045868e-01   1.21117818022064e-01  -1.47719308845850e-01   2.89193046476928e-01   3.85176008482585e-01   9.26417449391381e-02   5.81747718181096e-02  -3.53441222822751e-01  -8.68828800403544e-02   3.32735251906445e-01  -1.25261082809109e-01  -2.82460943050645e-01   1.00737118435073e-01
   4.75212250002025e-02   1.55516994931698e-01   2.65223349442499e-01  -1.35045566139118e-01  -3.83620359214426e-01  -1.11602490066714e+00  -5.30699012020836e-01  -3.72237980154756e-01   7.52341274721760e-02   6.28371472738398e-01  -2.00345840220050e-01   3.34451100389711e-01   1.01428153084359e+00  -7.77964590707150e-02   1.09044061762804e-01   1.00207510283947e+00   3.59152617324198e-01
   7.08368637800279e-02   8.26179515672732e-02  -3.94569214550704e-01   1.28075651633430e-01  -3.28118774261836e-01  -9.06163684839856e-02  -2.88436285861376e-01  -1.24778261300439e-01   6.98955522167051e-02  -1.70503729715976e-01   3.00437199414380e-01   1.42672236236153e-01   9.82505390137408e-02   7.07071694187067e-02  -9.99081468533701e-02   1.44759672958399e-01  -1.27856153653928e-01
   2.08781460055049e-02  -2.00175496160506e-03  -1.87745157552725e-01   1.35793145262870e+00   1.38030793060235e-01  -3.16642656795362e-01  -8.10675137666873e-02  -1.91160085095576e-01   3.83862917602082e-02  -3.44918605475158e-02   9.69666473181673e-02  -4.17394713864674e-01   2.62585070003924e-01  -2.05822888264180e-01   3.26455822859769e-01   1.84903242462666e-01  -1.48098458661648e-01
   6.32076011800210e-02   1.83708181743489e-01  -1.06985848534086e-01  -2.44222913996826e-01  -3.28413162786571e-01  -1.19020605567300e-01  -3.13501089554522e-01  -1.64471972313143e-01   1.07048570849043e-01  -1.30062255630167e-01   9.43006917291574e-02   3.48711898700700e-01   3.78715011045090e-02   7.05130641372905e-02  -3.15572938015890e-01   4.60079098404083e-02  -1.22624403900749e-01
  -8.95852190149116e-02  -9.62086710821914e-02   1.10704469473567e-01   7.46120703251808e-02   2.82071998972627e-01   9.44968180077316e-02   3.12467537674325e-01   1.25896449574841e-01  -9.39252398756531e-02   1.22944511252395e-01  -3.11410703687438e-01  -2.97306570965817e-01   9.32167650663729e-02  -8.99775522057967e-02   8.89970054707946e-02  -2.47873656574532e-02   1.28914792351378e-01
   4.09076682098689e-01   6.71297804964941e-02   2.98389240010231e-01   2.49584665121545e-01   3.75724294715638e-01   5.77362772880735e-03   1.08922936999006e-01   3.04227533868079e-01   3.54211176436880e-01   2.01134882378639e-01  -3.16936960611677e-01  -4.04266092438828e-01   7.93075431914197e-02   4.52123688325224e-02  -1.05667400542539e-01   2.70566065402853e-01   1.17799120423287e-01
  -4.21394827310107e-01  -5.14471164019612e-02  -1.91411814588826e-01  -5.37290933173581e-01  -4.58892915256239e-01  -2.77202792347480e-01  -2.39810712515935e-01  -5.83190801613780e-02  -2.84654689528932e-01  -1.63464860862968e-01   1.20520180131930e-01   2.86354884870324e-01   5.61649116972361e-01  -2.48557551123024e-01   9.88972581174285e-02   6.91115541848077e-01  -8.56577885730806e-02
   8.98720959840009e-02   5.14994306769435e-02  -4.25394630938319e-01  -1.74338136454370e-01  -3.24319193751457e-01  -2.14646947315729e-01  -4.73279747983596e-02  -1.19809950112888e-01   5.92466357001388e-02  -3.71809391214290e-01   4.72364475875982e-01  -2.58671794416917e-01  -4.66340302355009e-01   5.45330312964332e-02   1.48397401511743e-01  -1.32840168086936e-01  -5.04319205640511e-01
   6.88670364608483e-04   6.54386860411418e-02  -2.24985295174881e-01   4.12230684630665e-01  -3.35250781037922e-01  -1.17775045049304e-01  -4.44476098268830e-01  -7.95215296512614e-02   1.58354326198837e-02  -3.11253086182704e-01   3.17158245231740e-01   4.66784678073032e-01   1.81691098776027e-01  -6.69648335337618e-02  -4.46189196497875e-02   2.00034091883029e-01  -3.14702612222523e-01
  -9.44501262302813e-02  -1.02622707553960e-01   3.60524195154395e-01  -2.30228936321422e-01   3.30997371707373e-01  -1.00361359621744e-01   3.34515577897903e-01  -5.71130376328188e-02  -8.84451720686132e-02   3.48718509900041e-01  -3.26541261074307e-01  -3.04601212731213e-01  -1.96793804431106e-01  -1.14410130004080e-01   9.38345227484287e-02  -2.06440200783606e-01   3.51134937327058e-01
   6.30543532645623e-02   7.73299527688697e-02  -1.58827524716027e-01   3.30806997929167e-01  -3.22077847748180e-01  -1.41279975498804e-01  -3.24590485117818e-01  -3.33589976882438e-01   6.63276195654572e-02  -1.40351363371204e-01   1.49367178261640e-01   3.10688406541357e-01   2.85726431844564e-01   8.00393798287615e-02  -1.20183977235792e-01   1.85791617012774e-01  -1.63024560033635e-01
   1.55535538074014e-01   8.63484552685558e-02   3.33856553896349e-01   3.72365179964025e-01   1.91876075236078e-01  -2.26453768550766e-01  -4.95162170713029e-03   5.02156394698810e-01   1.22936228450819e-01   3.60313383738868e-01  -3.33229603664967e-01  -2.58048908733061e-01   2.15373686854018e-01   8.93411261965109e-02   1.18410685908816e-01  -6.00337565731005e-01   3.52079787956545e-01
   9.47311032146348e-02   6.77238160701182e-02   3.21045509410084e-01   3.20659995578813e-01   1.28178241997056e-01  -3.49367803686870e-03   6.28482384424351e-02   1.96448669905822e-01   9.25699741989465e-02   3.41103731245024e-01  -3.24194255534074e-01  -4.91803463739083e-02   9.96551895710391e-02   1.09579961497825e-01   8.65139967295524e-02  -4.46983711709319e-01   3.17039623761956e-01
   2.50425028168403e-01   2.01739076324169e-01   1.34501836691956e-01   1.10934270130391e-02   3.16606216554405e-01   2.92620300563696e-01   1.49936146981995e-01   2.75725463444123e-01   2.60066778979576e-01   9.84000326641898e-02  -1.07500596648187e-01  -9.35524909400728e-02  -8.68659574676583e-02   2.27062131274918e-01  -2.72346258240446e-01  -1.98525626482318e-01   1.00768615663369e-01
   5.61943422375169e-02   6.38570349315681e-02   2.18039651968545e-01  -1.21140009569850e+00   2.08049571867870e-01   7.16766040496492e-01   4.05144911575426e-01   5.12757377062136e-01   6.34768463050209e-02  -3.41139012070428e-01   5.25544868969697e-02   2.78566484433823e-01   3.49671607542526e-01  -1.11291438676986e-01  -1.71792466308866e-01   1.24357528653675e-01  -8.29830440470635e-02
  -7.09116922740911e-02  -9.61633784227256e-02   1.49357784416369e-01   5.55193870198034e-01   1.40183409880164e-01  -3.03142222507973e-02  -1.72664037783835e-01  -4.40007394998798e-04  -4.99781084241466e-02   6.53984759009130e-02  -1.73027511685337e-01   8.20285145704067e-02   2.64525312019119e-01  -7.15251809787560e-02   1.32116950128616e-01   1.69849968352182e-01   2.08552113338842e-01
  -1.90365058379656e-01   5.32310182503695e-02  -1.74116693045166e-01   5.64598694764122e-02  -4.45115576490820e-01  -1.90006997540510e-01  -3.40079095912723e-01  -2.30821398480242e-01  -1.11835671877090e-01  -9.95048618287555e-02   9.97173415492627e-02   4.68691752767696e-01   5.56982886609565e-01   8.85387347712338e-02  -1.02053069742540e-01   2.13402025317650e-01  -1.12055946551776e-01
   4.89391047136705e-02   1.60637216505844e-01  -2.46239693477485e-01  -5.17739347340452e-02   7.47138388901962e-02  -2.08285139370089e-02  -3.58558606287018e-01   7.19135222701981e-02   9.97221303754790e-03  -1.93987690827711e-01   1.80118748821487e-01  -6.99769430795530e-02   4.81697777650675e-02  -4.76316007452778e-02  -1.07086592580852e-01  -4.32686338309147e-01  -1.98542203057138e-01
  -3.15589980563569e-01   1.49323900312491e-01   1.17720597457695e-02  -7.34819176320744e-01  -2.39671916229223e-01  -1.64290324549741e-01  -1.16150280092745e-01  -4.67492401095788e-01  -8.67617230875643e-02   3.64560506123665e-02  -6.68535528741702e-02   5.60345493999564e-02  -6.52171411436800e-01  -1.48822340884827e-03   1.71954708735653e-01   1.34760770121637e-01   1.41469649333350e-01
   9.48238080499030e-02   1.00406053710857e-01  -1.24740218925058e-01  -1.21070905184654e-01  -1.02310444601705e-01   1.02848109332168e-01   1.64418852986076e-01   1.02578444995960e-01   9.84821737728859e-02  -2.79379774265712e-01   2.00794839472588e-01  -5.32180169427987e-02  -2.35239954982085e-01   1.03002818307687e-01  -1.30142546492115e-01  -4.37771675620877e-01  -3.81304980753890e-01
  -1.22398325372461e-01   6.37003670069599e-02  -1.49077823138755e-01   2.38771774547588e-01  -1.65252462335521e-01  -1.76514325386686e-01  -3.96634872456546e-01  -1.23446125909591e-01   3.03655372691584e-02  -1.16279318631421e-01   1.22236607394810e-01   3.13024343912022e-01   1.14877289212770e-01   9.58360964445154e-02  -2.90346155086872e-01   1.84021008311092e-01  -1.25848476510740e-01
  -1.10645518614881e-01  -1.05638124923992e-01   1.50449856215327e-01  -9.87939650596583e-02   1.73571681266926e-01   1.03655844797140e-01   2.96005520798483e-01  -1.01170018205586e-01  -9.94504554782808e-02   3.55920923394389e-01  -3.40697756936233e-01  -2.34685178499605e-01  -1.56067274774134e-01  -1.04092182350441e-01   1.03412830273492e-01  -5.00747920393402e-02   3.60964157616395e-01
  -3.69067508179604e-01  -5.08962377111297e-03  -3.44223238483683e-01  -3.21261226365133e-01  -2.55229545554931e-01   5.22318617314255e-03  -1.52657946627682e-01  -4.64288666346546e-01  -2.68964400489520e-01  -2.07875542807787e-01   3.09740131157290e-01   8.62653925349096e-02  -6.87026990525851e-01   3.51630643592356e-02   1.75345936293004e-01  -5.08322359371067e-02  -2.36931946662639e-01
  -1.28643636444213e-02   2.58218208671549e-02   3.39303035175343e-01   1.25338471074023e+00   1.46871721229829e-01   2.84756366288880e-01  -2.06774333367053e-02   2.79477467824879e-01   1.98024156736160e-02   1.60915742888911e-01  -2.95402285143654e-01   5.31123446695562e-01   3.32681041741913e-01  -6.58277592127348e-02  -1.14568803550982e-01  -1.21030932243240e-01   2.90062651854587e-01
   1.28238581886674e-01   9.64798142438887e-02   3.92834041229114e-01  -1.33521657119692e-01   1.70605849130577e-01  -1.00833700398038e-02   1.17728866312306e-01   1.89202316663045e-01   1.06016993778607e-01   3.40726108564637e-01  -3.27896512021978e-01  -2.93583758976439e-01  -2.73431689035330e-01   9.37246680679980e-02  -7.32602025360591e-02  -2.16430910811935e-01   3.38314844859771e-01
  -1.31840230477073e-01  -1.66094722518871e-01   8.98099698010084e-02  -2.92229661615014e-02  -1.36180014668659e-01  -1.51377663306884e-01  -1.16669095299979e-01  -1.19246278684601e-01   3.46903553043776e-03  -5.51691840721366e-02   1.48232452437225e-01   3.23321761688289e-01   8.70144689952529e-02  -8.90295406829585e-02   1.60334448646736e-01   5.11495320272438e-01  -1.94791664338720e-02
  -4.46611459874875e-02  -5.93882787491122e-02   2.53388815936882e-01   9.85882225047660e-01  -3.12754204588408e-01  -5.12088966319664e-02   1.50391594954730e-02  -1.45607820068945e-01  -2.25735223255354e-03   2.02284682845939e-01  -2.18244806479504e-01   6.16746835373540e-01   1.82209198670427e-01   2.16637929506395e-01   9.86971201098923e-02  -5.28866996512501e-02   1.69503027102909e-01
  -2.81552859723261e-01  -4.60303773515243e-01  -8.13998577102021e-02   1.97194392523372e-02   2.59374549933617e-01  -7.75120010576479e-02   1.50203032220549e-01  -2.05382017311362e-01  -3.33131551222584e-01   4.41082921531644e-02  -4.16633521576122e-02   8.41917192886986e-02   1.78587746704828e-01  -4.02739968796908e-01   1.63280675021518e-01   1.64505193168750e-01   5.41919045766737e-02
   8.35869464555011e-02  -2.42761506827401e-02   3.06127564958150e-01   1.28759887646668e-01   4.22676917054904e-02  -1.29860004808094e-01   4.25807413858123e-02  -2.64990005887331e-01   1.46219100373695e-01   3.92604200106452e-01  -3.93157994533674e-01   1.38056106551694e-01   8.61243448595044e-02   1.51955201753929e-01  -7.45894120394903e-02   6.09472497405582e-01   3.98874023895974e-01
   1.06769346450862e-01   5.55707508387099e-02   2.54617096416323e-01  -9.86610181577553e-02   1.65197561240957e-01   8.57139545304851e-02   3.07605257157663e-01   1.64707523860565e-01   7.62475385774750e-02   3.19531769326476e-01  -3.11365542438205e-01  -2.68550401281808e-01  -2.57582696799266e-01   6.82295034223224e-02  -9.60046784191568e-02  -9.64793104143049e-03   3.35105963829847e-01
  -1.19621693236094e-01  -2.67842928433451e-01   1.29624847933787e-01   2.49443762558756e-02   8.69813649714000e-02  -7.42241008146869e-02  -1.62642842078658e-01   1.25071948282735e-01  -1.31740173680982e-01   2.93160158608446e-01  -1.99429060478926e-01   7.64707783646127e-02   1.58125761954946e-01   9.76689656481471e-02  -8.40548855959906e-02   1.48112787394023e-02   3.82480718470672e-01
  -3.01832002406475e-01  -1.73634478273669e-01   9.88676600360167e-02  -1.60258589659092e-01  -9.64171506194132e-02  -2.94417663404563e-01  -7.24988643468355e-02  -2.98897518439478e-01  -3.03564716514040e-01   1.78432833059315e-02  -4.62708562278008e-02   1.25211382612183e-01  -1.47485441403920e-01  -1.18168958599289e-01   1.17934023641430e-01   1.27071095857891e-01   4.12305542589974e-02
  -2.49590154337170e-01  -3.33189992096780e-01  -1.29450672024129e-01   5.43782747987165e-02   1.91663399632411e-01  -1.98703160336244e-02   9.44519396086364e-02  -1.10338352253296e-01  -3.06135953077510e-01  -2.75197694683787e-01   8.68649097021870e-03  -6.74731660356501e-01  -2.36865904319287e-01  -1.36527269821185e-01   3.13533508400704e-02   4.83086137753286e-02  -1.22357818592419e-01
   1.84388066032908e-01   2.08280075811379e-01   9.92249537799276e-02   1.25534420427067e+00   1.22704325910588e-01  -2.75119985158287e-01  -1.14476626391649e-01   1.16043379790776e-01   1.82053815626428e-01   2.86461387734497e-01   2.19760238520934e-02   2.43796217200277e-01   2.66306289641541e-01  -3.57771410135216e-02   2.95907875792136e-01  -8.65765011255202e-02   1.23397750042662e-01
   2.61554198555332e-02   3.10197653922640e-01  -1.23201238949453e-01  -9.37603971230214e-02  -9.64714117091074e-02   3.93141115202450e-03  -1.31168408926046e-01   6.00419504858193e-03   9.56249625333067e-02  -2.77132963265880e-01   2.48122463535557e-01   1.58833233330615e-01   2.86890973653263e-01   9.47755044852630e-02  -1.69111211455566e-01   8.50394530404428e-02  -2.96743011710983e-01
