  -6.65828236562534e-02
   1.25199119424996e-01
   9.34906245635130e-02
   1.15438586939530e-01
   2.84135737125628e-01
  -1.21043351081645e-01
  -5.10639477130717e-02
   9.33202800897014e-02
  -7.48289713407244e-02
  -4.46236196374105e-03
   8.31730909627014e-02
  -1.29106350677749e-02
   1.02921544136885e-01
   1.94928126259618e-01
   3.25367829165533e-01
  -8.54358201297468e-02
   7.31636515783239e-02
  -2.57503570211217e-01
   8.67510905006507e-02
  -1.02056940309635e-01
   5.29262794150559e-02
  -2.35033320021183e-01
   5.61050094736566e-02
  -6.39653541416281e-02
  -1.04130719978123e-01
   8.44406805174300e-02
   9.13606639957360e-02
   9.87709619067446e-02
   1.98502833862069e-01
  -1.01537814104901e-01
  -5.08605078230764e-02
   7.79114524077112e-02
  -5.73779166771135e-02
   7.92151085521418e-03
   7.93794655736223e-02
   9.44957495528311e-02
  -1.22187028244247e-01
   4.61976058219365e-02
  -8.16477338859233e-02
   8.62586523346030e-02
  -1.10796278183780e-01
   1.93427465284749e-01
  -3.99408121078988e-01
   1.66714968005399e-01
   6.81452821688957e-02
   8.65003853647140e-02
  -1.40064271024028e-01
  -9.38226405156294e-02
   8.59521919759845e-03
   8.97769462570084e-02
