   1.33618325003174e-01  -3.47982560824165e-01   1.56419283335948e-01   1.76424953814799e+00   1.39965740466100e-01   7.73023286016409e-02   1.33150025181624e-01   2.87884848032334e-02  -1.60143972568815e-02   3.86265145023877e-01  -2.57161471222344e-01  -1.32034856287484e-01  -1.58171521756702e-01  -5.28346088440891e-02   3.65146078499910e-01  -1.68453867442621e-01   2.79242017093275e-01
  -2.26745752412240e-02   4.21693079743847e-02   3.28435346536136e-01   1.22100214985835e+00   5.10357464678697e-01   4.56095925745989e-01   3.59429792439729e-01  -2.68037906664542e-02   5.42935819232626e-02   2.33518490634635e-01  -2.56621008698874e-01   7.35628858215733e-02  -6.27151523961413e-01   1.18584855670237e-01  -1.80228261417237e-01  -7.14639696485655e-02   3.17251350181800e-01
   1.08233532167479e-01   6.85081361050834e-02   2.92992679751787e-01  -1.84897537920960e-01   1.17042992845449e-01  -8.61931581642749e-02   1.01316756651602e-01   1.28727212559297e-01   8.59896099659425e-02   3.01625964018005e-01  -2.91468339303141e-01  -1.06590264117063e-01   1.06584388594435e-01   8.99240191571711e-02   8.61393416447988e-02  -1.02366646005495e-01   2.95210511104079e-01
   1.01549017210165e-01   2.16240320759366e-01  -1.23924910368034e-01   3.61418577461990e-01   7.61162622871183e-02   1.89761811019767e-01   6.86946288097525e-02   1.29266262878909e-01   1.52286836753014e-01  -9.66579862915430e-02   1.01691379409651e-01  -8.07758092555323e-02   1.98679042351514e-01   1.15567700226234e-01   1.35496136606773e-01  -1.46650467117637e-01  -1.12162961577216e-01
   3.19158484187395e-01   3.41377101032652e-01   1.16507880495996e-01  -3.71187136460037e-02   3.10724714019263e-01   8.28544301886168e-02   7.31915711195864e-02   3.17320772703534e-01   3.20259133971623e-01   8.30840309572046e-02  -2.80390383835731e-01  -3.41410838241821e-02   3.46483615742866e-01   2.59330436773621e-01  -1.47607077677788e-01   5.56204203356925e-02   1.01884335676762e-01
   1.83058588858059e-02  -3.42409990857175e-01   4.99997946989511e-02   8.80869440391211e-02   1.69029544751615e-01  -2.22389035930708e-01   7.53724582640440e-01   7.16434190742821e-02  -2.48830029298187e-01  -1.13959842555525e-01  -1.10072516011760e-01  -1.17665042837030e-01  -2.35188998395941e-01  -1.26707339439345e-01   1.89347569035341e-01  -2.01729668395481e-01  -1.20823340714324e-01
   3.46935723249962e-02  -3.22529520943159e-02  -2.04451774981610e-03   3.40719737893100e-01   4.52040938783013e-01  -3.81300919761665e-01   2.40372017725984e-01   1.68555789387273e-01  -4.57168743587316e-03   6.41081784881850e-02  -6.91090433555112e-02  -2.67610251907806e-01  -3.32576856346596e-01  -5.33274044201913e-02   2.83761879598952e-01   3.68796615381209e-01  -4.24631326863458e-02
   1.04005233029422e-01   4.36253185373077e-02   3.04179449760268e-01   9.54796868064055e-02   2.91954345808198e-01  -1.10121927886607e-01   1.03341889633555e-01   8.98129152982234e-02   9.65847422356449e-02   3.21603921249963e-01  -3.08794644283860e-01  -9.08811831952691e-02   1.07348659681138e-01   9.08540982037267e-02   9.26439742086797e-02  -7.36510390623948e-02   3.13789052021216e-01
  -1.15278708680268e-01  -5.17432101047429e-02  -3.09875702253000e-01  -3.56083642728691e-02  -2.71248794721130e-01  -9.14000332563970e-02  -1.12235225501922e-01  -1.56778207711737e-01  -6.81821408746873e-02  -3.25502008452008e-01   3.13644424216204e-01   6.09702196438573e-02  -1.08925146172863e-01  -7.53458883905854e-02   8.25545866638182e-02   7.56048532604351e-02  -3.43176804264256e-01
   8.17330278052155e-02  -6.79273261551514e-03   3.42803173743584e-01  -2.83680146886352e-01  -7.77341216730830e-02  -7.38538331473148e-02  -9.42001101595583e-02  -6.04227779143908e-03   1.71634124256498e-01   3.66451544202406e-01  -1.94901675104789e-01  -2.81530266399835e-03  -7.06252361916807e-02   5.67719800879809e-04   1.53469830417681e-01   4.42186282101080e-02   3.47637755972180e-01
   4.17791344124330e-01  -2.22741768915696e-01  -5.79558132150224e-02   3.05275092339095e-01   1.76828930376056e-01   1.18816737527217e-01   9.66784222262296e-02   4.10783087233319e-01   5.87367263153460e-02  -2.43769317279939e-02   3.73163548514209e-02  -8.22380058074338e-02   3.72325481126022e-01   8.00121086777495e-02   1.58160863612261e-01  -3.08359910437724e-02  -1.05417115519788e-01
  -2.82740806453469e-01  -2.75140541857031e-01   1.82238184869041e-01   1.64463581552026e+00  -1.09968132821111e-01   4.02606674352834e-02   2.94974327873642e-01  -3.98876280101092e-01  -2.71724766528444e-01   3.52393060094815e-01  -2.78092954300051e-01   2.02477393936068e-01   2.25919252637474e-01  -2.56434318364388e-02   2.88647399069139e-01  -1.72443315232317e-01   3.07531002665679e-01
  -9.34964145628708e-02   9.80902808814792e-02  -2.69964425256454e-01  -7.85321772784817e-02  -2.90968302604450e-01  -1.12775991562184e-01  -2.92984895767220e-01  -9.44245369674890e-02  -9.20922513360557e-02  -3.03940840166132e-01   3.00937009769640e-01   9.23285352132062e-02   1.12109406537621e-01   9.11155012359947e-02  -9.78613585672810e-02   4.44294712918752e-02  -3.04291759277423e-01
   1.96704088136564e-01   3.17444879678679e-01   1.91066903572093e-01  -7.98996032193253e-01   1.31782575869067e-01   7.48273789117709e-01   1.47065033863959e-03   3.54707936684087e-01   2.70554337622120e-01  -3.70187034963780e-01  -4.08111233763460e-02   5.84592288477836e-01   6.14038909340564e-01   1.52844803214695e-01  -2.18779731901594e-01   3.36275222875427e-01   1.06365584340735e-01
   3.09485536749912e-01   4.56395024884084e-01   9.00471657774604e-02   5.06627606677619e-01   2.61149540540386e-01   1.33741048666313e-01  -1.45537529994619e-01   3.00601431487506e-01   3.88483577800699e-01   9.30305578584046e-02   5.62998449315367e-02  -3.65664092160420e-01  -8.66825788433617e-02   3.31554559276114e-01  -1.27740647933242e-01  -2.82763599408819e-01   1.00945402674729e-01
   4.50457076249475e-02   1.47937592706581e-01   2.55766495730016e-01  -1.19112996679215e-01  -3.82477415393987e-01  -1.12225663721522e+00  -5.27303812787380e-01  -3.76860216761150e-01   7.01272261034054e-02   6.34345524774231e-01  -1.94590372924814e-01   3.35406659683952e-01   1.02509281010635e+00  -8.64416680673177e-02   1.10988464040018e-01   1.01310832905052e+00   3.50057107229537e-01
   7.08289869150065e-02   8.25306349259842e-02  -3.94628084707181e-01   1.28152731212380e-01  -3.28111939368118e-01  -9.06939901095392e-02  -2.88425918650847e-01  -1.24771439514828e-01   6.98637659217501e-02  -1.70566465796922e-01   3.00600034823694e-01   1.42619634893112e-01   9.81328743045115e-02   7.05883379661445e-02  -9.99314059769894e-02   1.44824602097884e-01  -1.28037676580344e-01
   3.51467188282795e-02   3.60575531760015e-02  -1.62357790204627e-01   1.37416689075220e+00   1.28255603823994e-01  -3.46925384947514e-01  -1.04939877684073e-01  -1.88238325530063e-01   6.17475447098304e-02  -3.23499985057236e-03   9.63882790806000e-02  -4.28459435234954e-01   2.33754700752972e-01  -1.83231828241617e-01   3.24182784788557e-01   2.06007440977207e-01  -1.21923398993254e-01
   5.57861766266481e-02   1.69991647932124e-01  -1.08648559947669e-01  -2.48292049459803e-01  -3.40048939435299e-01  -1.28674060948123e-01  -3.11488904033096e-01  -1.76215334976621e-01   9.64537567965424e-02  -1.33036153399106e-01   9.79977333633091e-02   3.60676871237226e-01   5.94385138257571e-02   6.40546192270680e-02  -3.15340603063968e-01   5.16330307767806e-02  -1.25514202064259e-01
  -8.96559010981835e-02  -9.62179455581193e-02   1.11011641423573e-01   7.40996289996835e-02   2.82101267870485e-01   9.45546597788374e-02   3.12233770357367e-01   1.25781689477642e-01  -9.39633476413339e-02   1.23041178169127e-01  -3.11594792045626e-01  -2.97269561883838e-01   9.32805789434063e-02  -8.99862157146079e-02   8.90330771534584e-02  -2.43272357392122e-02   1.29230336492878e-01
   4.08189428760211e-01   6.17219959048317e-02   2.96986177048272e-01   2.57063056360416e-01   3.76672344981319e-01  -3.22873737668460e-04   1.04247934251972e-01   3.03558790634333e-01   3.51555213829552e-01   2.14293773653642e-01  -3.22841602159484e-01  -4.12153669039557e-01   6.61959559186205e-02   3.86947833063975e-02  -1.05056262539796e-01   2.61048699385778e-01   1.21614712572989e-01
  -4.14632393731767e-01  -3.89510531137054e-02  -1.89780668075477e-01  -5.52812618003903e-01  -4.63453133383799e-01  -2.90651762787849e-01  -2.32232822159236e-01  -5.84993529802592e-02  -2.72377756850262e-01  -1.63983754660290e-01   1.24586464430920e-01   3.03975107928430e-01   5.62228813923625e-01  -2.41570540723238e-01   9.98452549735679e-02   6.92227512993086e-01  -8.50802608357914e-02
   9.28303287481498e-02   5.19703543306593e-02  -4.26928317121760e-01  -1.72272186443168e-01  -3.27779103101814e-01  -2.59266402944346e-01  -4.32342770670678e-02  -1.15662133368847e-01   6.11772494934951e-02  -3.74939161644933e-01   4.77392626847101e-01  -2.59765330162808e-01  -4.74016595656121e-01   5.84285357733076e-02   1.62090617484295e-01  -1.20860872875538e-01  -5.08520177495166e-01
   8.03433181540632e-03   7.26242720916020e-02  -2.27037029461012e-01   4.28129892022487e-01  -3.32308971881859e-01  -1.12132743123617e-01  -4.45542544603876e-01  -7.41612215858674e-02   2.28530397289851e-02  -3.17577760462436e-01   3.20764827018928e-01   4.61337046352438e-01   1.83370583551338e-01  -5.92818767125031e-02  -4.30086361100006e-02   1.99833295243191e-01  -3.21799522913299e-01
  -9.85173813981522e-02  -1.04094556338654e-01   3.58827482368117e-01  -2.33019736715864e-01   3.30364607650633e-01  -9.69521894260528e-02   3.34446921360408e-01  -5.98267569269695e-02  -9.17710978380085e-02   3.42655010996920e-01  -3.25900989619252e-01  -3.02552833030524e-01  -1.91280583770305e-01  -1.15105998652425e-01   9.44982466265641e-02  -2.06902650433117e-01   3.50428579423815e-01
   6.32717879393246e-02   7.47518062293710e-02  -1.59545012330949e-01   3.32682278160838e-01  -3.20585443522244e-01  -1.41975000903442e-01  -3.23976396133640e-01  -3.33667568984562e-01   6.58050462770822e-02  -1.42186584704865e-01   1.51706142339637e-01   3.10426000723784e-01   2.79361742955420e-01   7.84500420473510e-02  -1.23726957680461e-01   1.86433139498296e-01  -1.65616728002424e-01
   1.60439914988803e-01   1.01087061503283e-01   3.49264433403935e-01   3.72530285138705e-01   2.03732209050928e-01  -2.37673007824219e-01  -2.00873351438394e-02   5.31486624597827e-01   1.25542325740767e-01   3.79824679016910e-01  -3.45445213111696e-01  -3.12657083491615e-01   2.19448602868998e-01   8.79633758492793e-02   1.18442796625279e-01  -6.29695224537657e-01   3.66770763077698e-01
   8.87734263487819e-02   6.14288959422809e-02   3.22955105666264e-01   3.04191824851733e-01   1.36442939324670e-01  -2.18726968930019e-02   6.17367944878984e-02   2.05880684731180e-01   8.44476207913787e-02   3.46109538578853e-01  -3.24218474817230e-01  -3.89722217202935e-02   7.77563098696935e-02   1.07624143107922e-01   8.65643505587174e-02  -4.32046427243837e-01   3.20828743887608e-01
   2.51760748375274e-01   2.06850901534406e-01   1.34318973661362e-01   1.07302370485251e-02   3.16260055754279e-01   2.92509401249961e-01   1.49517254353662e-01   2.76398343643837e-01   2.61959315661033e-01   9.85111460858002e-02  -1.07808682455217e-01  -9.30551013728174e-02  -8.57829922189619e-02   2.27418567288281e-01  -2.78009812801547e-01  -2.05709644318256e-01   1.00905865727731e-01
   6.91959481962409e-02   6.53108140203488e-02   2.27765292399968e-01  -1.19108147558635e+00   2.22958099618585e-01   6.78300671533858e-01   4.87879401289093e-01   5.25891161582944e-01   7.33947652461084e-02  -3.37742547201665e-01   4.24459138958609e-02   2.66344505508681e-01   3.54948110753317e-01  -1.09519217810961e-01  -1.70653331911088e-01   1.27592632972717e-01  -7.84598821777981e-02
  -7.20024396381064e-02  -8.86523854480390e-02   1.69516346511369e-01   5.77272975773747e-01   1.40251247335781e-01  -1.48268619837271e-02  -2.03077613776680e-01  -4.83678177070627e-04  -4.55359961863571e-02   7.00857742515605e-02  -2.02917588889372e-01   1.44146251390640e-01   2.85880489958027e-01  -5.77498643558807e-02   1.33864685011958e-01   1.71814458206631e-01   2.45285432965076e-01
  -1.91436321107884e-01   5.30937638275458e-02  -1.73297362436608e-01   4.66480191453749e-02  -4.46096268626669e-01  -1.89051104472864e-01  -3.39614051299770e-01  -2.32218132911266e-01  -1.12711819921575e-01  -9.90833952410355e-02   1.00260793619807e-01   4.79452601556542e-01   5.82197119492769e-01   8.59847321685219e-02  -1.05488124711502e-01   2.15520575842959e-01  -1.11634983737954e-01
   5.09707240976036e-02   1.68964409989270e-01  -1.99457345132254e-01  -8.96257016079418e-02   9.56655589204322e-02   2.34941800807869e-02  -5.00835556489689e-01   8.54590354082030e-02   9.98212842047049e-03  -1.96089190414357e-01   1.88261729353324e-01  -1.52822226204342e-01   6.86024233152508e-02  -5.29422520411389e-02  -1.06671063046661e-01  -4.88910690192243e-01  -1.94757152872305e-01
  -3.16871920218744e-01   1.52968783302904e-01   1.09327696443342e-02  -7.36113322143061e-01  -2.45201346194313e-01  -1.67926255010400e-01  -1.17718239821749e-01  -4.71462084634634e-01  -8.48069790836102e-02   3.77723422002655e-02  -6.77405297759574e-02   5.52931163218603e-02  -6.53840088800549e-01   3.41440145300512e-03   1.78716882147435e-01   1.45151335630138e-01   1.44440430720832e-01
   9.22779437340755e-02   9.80324410983381e-02  -1.26422798400686e-01  -1.28695135809535e-01  -1.02950723803913e-01   1.02610407678978e-01   1.65516905967500e-01   1.02420214320228e-01   9.56610347366628e-02  -2.82876135929378e-01   2.06178621870002e-01  -5.81307305314997e-02  -2.31367295546754e-01   9.99346559916797e-02  -1.31035742538896e-01  -4.71620961774787e-01  -3.86408227630260e-01
  -1.14872422634079e-01   6.79567785221976e-02  -1.51194630957241e-01   2.51402533597240e-01  -1.60531498530489e-01  -1.72710789579752e-01  -3.97657526612540e-01  -1.18685890049422e-01   3.66439287756408e-02  -1.19670112020154e-01   1.24562609682580e-01   3.10536119060890e-01   1.08964212753381e-01   9.68594700667395e-02  -2.91316627234478e-01   1.83489354390951e-01  -1.29476318442737e-01
  -1.19641820080415e-01  -1.12986746007564e-01   1.49351554947965e-01  -9.62553522217392e-02   1.71909070290738e-01   1.03824907520206e-01   2.93154481819838e-01  -1.07608084578689e-01  -1.07725307929861e-01   3.50726372542658e-01  -3.39089879023875e-01  -2.31683088577764e-01  -1.54926754784685e-01  -1.07574259996364e-01   1.04453057150353e-01  -4.95533894319602e-02   3.62012634381095e-01
  -3.70557216878945e-01   1.24042508041479e-03  -3.43705770586324e-01  -3.27939329797191e-01  -2.61826339683136e-01   6.21320215750547e-03  -1.55737968888980e-01  -4.65728640453859e-01  -2.66495062987072e-01  -2.02107933804585e-01   3.05954684831801e-01   8.86922623649541e-02  -6.86355434051075e-01   4.24073250871951e-02   1.74099191960330e-01  -5.81850834131860e-02  -2.30766920605180e-01
  -2.49914649871277e-02   2.51460435599975e-02   3.37747380496086e-01   1.28095286083107e+00   1.32965949494830e-01   2.95897904534045e-01  -3.58726838611403e-02   2.77535164278608e-01   1.11661871807733e-02   1.66513698811995e-01  -2.94614175073387e-01   5.48999268587585e-01   3.41266230490979e-01  -6.70708412963071e-02  -1.18400623592932e-01  -1.30428122056645e-01   2.97365879472620e-01
   1.35871370568605e-01   1.03394079790930e-01   3.90460588173562e-01  -1.34937177523432e-01   1.75393670270347e-01  -2.75097389174380e-03   1.21002101323215e-01   1.96859254573960e-01   1.12843324750730e-01   3.36497462885014e-01  -3.25827361388528e-01  -2.95737190685724e-01  -2.75961647293093e-01   9.57470675548289e-02  -7.35386786996736e-02  -2.16603319094028e-01   3.34220753919833e-01
  -1.34372511254395e-01  -1.66844589597233e-01   8.84738710764357e-02  -1.97242764993885e-02  -1.38350671897664e-01  -1.53551527038411e-01  -1.17300897786285e-01  -1.20905202844833e-01   4.34773951975361e-04  -5.71568247000808e-02   1.53408355434362e-01   3.23894769859877e-01   8.66825781112680e-02  -8.69842381329728e-02   1.69803374248895e-01   5.46666545813977e-01  -2.10558176960584e-02
  -5.42149829817912e-02  -7.19448377762623e-02   2.37814852526447e-01   1.04213536932881e+00  -3.13836623776649e-01  -5.04761911671406e-02   7.58669725226792e-02  -1.54152947446585e-01  -1.38015759301666e-02   1.83947684867891e-01  -2.00115748235331e-01   6.22540930894964e-01   1.82625953499818e-01   2.02072158204294e-01   1.00312129025208e-01  -4.68902326182597e-02   1.50792747203414e-01
  -2.83878560875993e-01  -4.64890535558023e-01  -8.14484183931070e-02   2.86035087104750e-02   2.59478922160243e-01  -7.63218584439595e-02   1.46547118239875e-01  -2.06431032970474e-01  -3.36310986018935e-01   4.40766100462661e-02  -4.17730209300966e-02   8.42937000458802e-02   1.80054422780625e-01  -4.04739903439144e-01   1.66253086652575e-01   1.66431360685005e-01   5.41960756905286e-02
   8.02060440179592e-02  -2.97049448049868e-02   2.87124349877715e-01   1.44300047928578e-01   3.70840341246670e-02  -1.30650931234679e-01   5.36285661846843e-02  -2.82395208397876e-01   1.43442664935292e-01   3.80478050864435e-01  -3.85599638575978e-01   1.52422391159845e-01   8.66754137348115e-02   1.51357242579657e-01  -7.12030641779829e-02   6.68841562456209e-01   3.86939918084658e-01
   1.09020628338259e-01   5.77831390664811e-02   2.53453999230647e-01  -9.79296528517822e-02   1.66733898403695e-01   8.77701824662218e-02   3.08386920270555e-01   1.66917329973171e-01   7.83888380650208e-02   3.17829416584088e-01  -3.10248335035582e-01  -2.68987139745172e-01  -2.58462412693412e-01   6.89655555467214e-02  -9.60000027594465e-02  -7.70802047017681e-03   3.33128625918271e-01
  -1.42739953724852e-01  -2.78941964048771e-01   1.26978102623568e-01   4.56758530562974e-02   8.51307530045301e-02  -4.83456033155334e-02  -1.65807795637787e-01   9.77720492965712e-02  -1.45661421122861e-01   2.79860640347097e-01  -1.95878376471162e-01   8.23309217045426e-02   1.71879220467356e-01   8.35318264971273e-02  -8.35616014948678e-02   3.15894831376296e-02   3.83741719640165e-01
  -3.00089313667854e-01  -1.58270107033332e-01   1.00998167651954e-01  -1.68364259208197e-01  -9.83368909556741e-02  -2.94286109727987e-01  -7.48264129944398e-02  -2.97636856775949e-01  -2.97183242496050e-01   2.66546069733129e-02  -4.74505877815164e-02   1.31593994330398e-01  -1.42338060365071e-01  -1.12265389933708e-01   1.17069707972773e-01   1.30388655440274e-01   4.99288535828707e-02
  -2.20481898268026e-01  -3.21710403161064e-01  -1.42936358503697e-01   1.16461696507175e-01   2.20686507826337e-01   1.92436636588883e-02   3.70289089457632e-02  -1.45026077222458e-01  -2.81861347931133e-01  -3.44969060438393e-01   2.67390012227678e-02  -6.94664641177603e-01  -2.57636509425030e-01  -1.23661027622778e-01   3.37708527013347e-02   1.83617320916839e-01  -1.58120525125707e-01
   1.93938373170472e-01   2.13567794063534e-01   1.05565924367068e-01   1.24681477507308e+00   1.32804909243200e-01  -2.64594809415663e-01  -1.16095870128184e-01   1.27659654946401e-01   1.90202902962845e-01   2.88868851198624e-01   2.18291736612445e-02   2.39302181633284e-01   2.57491721886075e-01  -3.23031604426680e-02   2.92867467202770e-01  -1.19682629764877e-02   1.25845896718420e-01
   5.04260142365872e-02   3.25012391672346e-01  -8.88122663659100e-02  -1.23274663249174e-01  -8.88157645771158e-02  -3.66528200609424e-02  -1.02904564587553e-01   1.80696258918847e-02   1.20547136152675e-01  -2.47349144367732e-01   2.28237555569351e-01   1.48945379988341e-01   2.79663954376732e-01   1.00498952764732e-01  -1.72159785459301e-01   9.56238272374680e-02  -2.70579474744506e-01
