   1.39380505048688e-01
   1.65445452452161e-01
   1.12126326949551e-01
   3.64707723483727e-01
  -2.21301427734035e-01
  -2.15956016240219e-01
  -2.03798947862240e-01
   1.35649988050998e-01
   2.12267322753799e-01
  -4.07539384936811e-01
  -3.48217116263305e-01
   2.31653185969353e-01
  -1.88750169609172e-01
   4.04014224527022e-01
  -7.92530274143189e-03
   3.96257396358259e-01
  -3.94732415546278e-02
  -5.48237248354077e-02
   2.24409078175519e-01
   1.99161396316250e-02
  -2.24417508193587e-01
  -2.56964831376453e-01
  -1.85785957834843e-01
  -2.07335113930230e-01
  -1.30139041108035e-01
  -4.03397920883940e-01
  -2.09968825014856e-01
  -1.30556351322885e-02
   5.58943147471864e-02
   3.20698699665312e-01
   2.15775113554269e-01
   2.28451600141354e-01
   2.06447944312108e-01
  -1.01442095860525e-01
  -2.48036228486642e-01
  -2.77373009824701e-01
   9.60873463634768e-02
  -2.27554494669195e-01
   1.04773945320996e-01
   1.18459685584952e-01
  -2.98097887332422e-02
  -2.76989255876368e-01
   1.83017969721173e-01
   1.75185270973142e-01
   1.02435442608809e-01
   3.49640770995616e-01
  -2.34904762035763e-01
   4.31818737472129e-01
  -1.57123743266840e-02
   2.50705328353284e-01
