  -1.23448502761632e-02   1.86364442192513e-02  -7.32687786634425e-04  -3.01824082467891e-02  -1.59963708737568e-02   2.38472334709508e-02  -2.96304455747336e-02   5.15304290751197e-03   1.07774847342873e-02   2.04655033512899e-02  -2.13698615206978e-02  -3.52754425737394e-03  -1.60981248742248e-02  -2.59841516007025e-03  -4.30462355311330e-02  -1.49642294805622e-03   1.30386517701679e-02
  -5.54911960496503e-02  -4.73644830216682e-02   9.86944092976971e-02   1.31835185279488e-01   2.57654469730518e-02   4.03102864055902e-02   4.31304150653752e-02   2.27482336217757e-02  -4.50194360361540e-02   3.81087230439563e-02  -6.24906657054000e-02   5.92836315083110e-02   4.30296269622128e-02  -1.78101017526932e-04   4.00654375541320e-02   6.44042209169761e-03   7.90700146911663e-02
  -1.90551894975654e-02  -1.93433766373302e-02   5.20825229462530e-02  -1.08131896356958e-01   3.40885336644416e-02  -2.54462990123196e-02   1.02218082755990e-01   3.24873135027106e-02  -3.47636289229218e-02  -2.80935049573617e-02  -1.63851734944972e-02   6.93143454167859e-02   4.69695493075334e-02   1.20209920427199e-03  -1.36732603150456e-02   2.13649476471201e-02   4.00020673170906e-02
   1.53326760078551e-01   2.64109907448309e-02   3.25542143380969e-02   1.10390676401734e-01   7.40535597459639e-02   1.59002110015297e-02  -1.22190856245044e-02   8.11408958305363e-02   6.46724760370200e-02   1.62160315115996e-02   7.59574880054043e-03   2.30882692710688e-02   1.21602337253787e-01  -4.86656071578683e-04  -3.93434412967855e-02  -3.65171189372800e-02  -1.08712930050524e-02
  -7.48520242954737e-03  -7.92845315152867e-03   5.54462006260802e-02  -8.47535498401161e-02   3.30859958203764e-02  -6.95726037690194e-03   6.98544556299042e-02   3.83593192707960e-02  -1.51691925062036e-02  -1.04522949206653e-02  -1.82943287408699e-02   4.56889531061482e-02   2.44009829106435e-02   1.55331528625548e-03  -1.87791028910480e-02   1.28005184887026e-02   3.33684595101926e-02
   1.39507871812978e-01   3.48116552132927e-02   1.05476843424088e-02   7.09977823009533e-02   6.31397987680903e-02   1.66604519162826e-02  -2.02384672549588e-02   6.86212353823791e-02   6.62250052643672e-02   5.21326304085191e-03   1.97066078566794e-02   6.09164475846428e-03   7.16828377743303e-02  -1.30548255206616e-03  -5.23807473142065e-02  -3.81923946926160e-02  -2.62502488133963e-02
  -2.15418591026975e-02  -2.20753651362630e-02   5.49352532830168e-02  -1.09301581075595e-01   3.53650749580909e-02  -2.78821398116200e-02   1.03427952443502e-01   3.20585637022028e-02  -3.76180554395026e-02  -2.78672909724673e-02  -1.80791366129082e-02   7.32549247200287e-02   5.01147808982862e-02   1.16532841991968e-03  -1.47836991491772e-02   2.27861793396431e-02   4.31430893712625e-02
   4.01132617557631e-03   7.69010422356575e-03  -7.12473013918810e-03   1.23304531103861e-01  -2.71374166571456e-02   1.48589073039454e-02  -1.23475205711061e-01  -2.21680263199371e-02   2.04708261792384e-02   4.67541228016929e-02  -9.78452272510313e-03  -1.11857574262959e-02   2.92691253037134e-02   5.22957537189376e-04  -1.85530099881066e-03   1.88598495960867e-02   1.52133525085058e-04
  -1.10091024905351e-02  -1.14694028158846e-02   1.42249104869577e-02  -1.20077067918726e-01   2.79687473752078e-02  -1.75710853635562e-02   1.21767227412320e-01   2.43678829236416e-02  -2.75514431644812e-02  -4.48219383732027e-02   3.20011880298708e-03   2.74255226074801e-02  -6.06515613013857e-03  -2.82260394843698e-04  -1.00300693853655e-03  -7.89377802236956e-03   7.93682558377663e-03
   1.54849698816537e-02  -1.13547236471956e-02   3.96557048513034e-03  -1.38764030777495e-03   1.54885309328470e-02  -1.15720464007446e-02   1.79286129209789e-02   6.54559299907581e-03  -1.26730455019742e-03  -1.61442730946864e-02   1.89289530771750e-02   4.77461607941636e-03   1.33628410225546e-02   1.86523147074724e-03   9.75162245526426e-04   2.63538254851415e-04  -1.18616460073497e-02
   5.24448403579701e-04   3.45467359863880e-02  -2.56126047391287e-03  -3.68712846379200e-02  -1.70000859962651e-02   2.66859717822235e-02  -4.08386888988312e-02   9.99593708115425e-03   2.34178483501746e-02   2.26495346605660e-02  -1.80694906174551e-02  -9.20850855583795e-03  -2.28957452721782e-02  -3.04464502228632e-03  -5.52141116959375e-02  -4.28745186725209e-03   1.05681901431232e-02
  -1.21096994398549e-02   2.90290731246247e-02   8.55092664180921e-03  -2.89382919608333e-02  -2.91731037165867e-02   3.28842021044049e-02  -4.98043723975024e-02   7.10899927464903e-03   1.96791131454637e-02   3.07419375145316e-02  -2.80625194141946e-02  -4.30970546969757e-03  -2.24685954046154e-02  -1.72626447570180e-03  -4.41473549034842e-02  -7.52918547088934e-03   2.13524627021707e-02
   1.39234454017698e-02  -2.70460059182115e-02  -1.00610478169938e-02   2.70717211472190e-02   3.07172657365784e-02  -3.24067798934573e-02   4.95511424122564e-02  -6.45641291920492e-03  -1.75565099316146e-02  -3.17002095028690e-02   2.95118135218577e-02   2.90369279555208e-03   2.11085032962078e-02   1.50745994644728e-03   4.17760082902454e-02   7.80819243531079e-03  -2.31743609972775e-02
   4.74483240108049e-02   1.60494915836393e-02   3.50586481219521e-03  -1.58888417427513e-01   4.07116512054391e-02  -4.46388689218707e-02   1.62314223241771e-01   3.17287070233058e-02   7.40943102809846e-03  -5.59466968279382e-02   2.49311471511050e-02  -5.42653383961807e-03  -7.16083244415767e-02  -5.24167139209115e-05   9.26110000157220e-03  -4.99629152181207e-02  -1.10148770848982e-02
  -3.27998469986650e-03   3.56642835702258e-03   4.21250021497681e-03   1.42981333006018e-01  -3.42797846885176e-02   9.98767076628663e-03  -1.45127674147004e-01  -1.81949176008997e-02   1.94042144699498e-02   6.01364484357988e-02  -2.28209623428026e-02   9.81818322319563e-03   6.81756184247586e-02   9.79098398378070e-04  -6.55484090361315e-03   3.51842958658573e-02   1.32654647451050e-02
  -9.62851262512998e-03   2.31299440266677e-02  -2.70870093800158e-03  -2.20855586513297e-02  -1.81543943982177e-02   2.56474544540319e-02  -3.64023240316924e-02   4.01988687412414e-03   1.54559954354509e-02   2.44709271405429e-02  -2.38378596606674e-02  -7.86578422800164e-03  -2.33592842167060e-02  -2.88304070361907e-03  -3.63303216502637e-02  -3.53206194437573e-03   1.39032087554776e-02
  -5.82737389596940e-02  -5.05600627862577e-02   9.90292931649956e-02   1.32338146751089e-01   2.74794661497915e-02   4.09758116742641e-02   4.52784311842037e-02   2.28166943614200e-02  -4.86819313186206e-02   3.61497390190869e-02  -6.22702550435329e-02   6.01179502255700e-02   4.50469228755382e-02  -2.25855657259900e-04   3.92427032414495e-02   7.51343327114956e-03   7.90826221163639e-02
   1.23368663058875e-02  -1.65350380480855e-02   4.17413469747158e-03   1.32037848469356e-02   1.54773587258223e-02  -1.85511316733073e-02   2.59127758262632e-02   1.26727260340804e-03  -7.60427678691861e-03  -1.92499182080153e-02   2.01215100207495e-02   5.83895280622225e-03   1.77695626530322e-02   2.50627357968228e-03   2.14839287430867e-02   1.80268414538288e-03  -1.27981859307322e-02
   1.16890893553301e-02  -1.89197086939418e-02   3.69478441298660e-03   1.78067222947046e-02   1.67223725576302e-02  -2.17615715978906e-02   3.00748798663182e-02  -9.07964304101410e-04  -1.05851582954464e-02  -2.16743503507661e-02   2.16611264019627e-02   6.59306220874106e-03   2.01177984716286e-02   2.67772829525108e-03   2.82546061719717e-02   2.58038086820466e-03  -1.42797543702648e-02
  -1.61817942914260e-02  -3.44070660933094e-02   1.07230795139931e-02   2.30714977129347e-02   1.09430647362928e-03  -2.22620992298080e-02   3.10496229553045e-02  -9.92191143648920e-03  -2.57150748438128e-02  -1.31033559394562e-02   1.04290838010990e-02   1.04093354954405e-02   1.61471282436968e-02   3.61045612498454e-03   5.49225099171549e-02   2.63331505920863e-03   2.62680044219961e-03
  -2.35364549167150e-02  -2.35573757507477e-02   6.71625552586926e-02  -1.10834158240825e-01   3.79213529172650e-02  -3.41279986036417e-02   1.02796352431682e-01   3.31183954693419e-02  -3.83542124697375e-02  -2.36758556607937e-02  -2.15089616043505e-02   8.24595110234609e-02   5.53419927053559e-02   1.31972762454483e-03  -1.78654688463049e-02   2.47923487664826e-02   5.18823777832361e-02
  -5.61139968963546e-02  -4.71120610277528e-02   9.99670606783305e-02   1.33520550300843e-01   2.65576296935354e-02   4.08034110828312e-02   4.47135177918184e-02   2.35166256966657e-02  -4.51052979314682e-02   3.77542249717754e-02  -6.30650295942485e-02   6.09730361225857e-02   4.41884758341269e-02  -1.05858584557862e-04   3.99320874951252e-02   6.97177575469331e-03   8.01755519188007e-02
   5.11529198041079e-02   4.16581540512821e-02  -9.95413153094470e-02  -1.32746970239148e-01  -2.35532072182412e-02  -3.96141914997364e-02  -4.10604010512470e-02  -2.34365076178006e-02   3.87802340385606e-02  -4.09956119800034e-02   6.35176772450507e-02  -5.96849377604232e-02  -4.07052675682415e-02   1.40002469661789e-05  -4.10361305735315e-02  -5.07432832292334e-03  -8.03586439328396e-02
   1.55177109327269e-01   2.60099963582412e-02   3.49016271944063e-02   1.16096210694634e-01   7.48426725225968e-02   1.62495010094499e-02  -1.21957624409390e-02   8.14268293825254e-02   6.47723744016356e-02   1.78128983764815e-02   6.26981125956689e-03   2.48092623020727e-02   1.26295737236652e-01  -3.36354524205493e-04  -3.45161079404350e-02  -3.64104231722327e-02  -9.50592210400461e-03
  -1.40373293909717e-02   1.87784721582810e-02   9.95159526801789e-04  -3.29524836823655e-02  -1.76701303007396e-02   2.46213288309026e-02  -3.05661770382566e-02   5.73792882503030e-03   1.09726428137204e-02   2.04570185659547e-02  -2.15273418085496e-02  -2.90183331275549e-03  -1.67523906708504e-02  -2.47195356469335e-03  -4.37790370038943e-02  -1.79617654685476e-03   1.36376143448521e-02
  -1.27036281006589e-02   2.80108373511066e-02   1.05400183632665e-02  -2.69223868224034e-02  -3.01898353642313e-02   3.31884743277570e-02  -5.07792909429970e-02   7.22089383213059e-03   1.85480374983007e-02   3.22882882118789e-02  -3.00500579079960e-02  -3.26081689823798e-03  -2.08912244731840e-02  -1.51265991870276e-03  -4.20992647919040e-02  -8.05266227313830e-03   2.34004881259384e-02
   5.18895122113843e-02   4.43578729959981e-02  -1.49647773994653e-02  -1.00736164904553e-03   8.84236043462326e-03   2.86614672354232e-02  -4.50122171638090e-02   1.88687225816045e-02   4.54730407290572e-02   1.21725101801690e-02  -4.63638930830966e-04  -1.87218126994212e-02  -2.36288078451426e-02  -3.81321475116865e-03  -4.80306512541025e-02  -1.52460950343106e-02  -1.32324535077446e-02
  -2.38537141583425e-02  -2.43201377937373e-02   6.53548154753869e-02  -1.02026887965194e-01   3.33981813383900e-02  -2.81308994186975e-02   8.98689447780944e-02   3.26613006718555e-02  -3.65463230109528e-02  -1.37506955887881e-02  -2.20723811481715e-02   6.91240056111913e-02   4.42507125497847e-02   8.15792303975869e-04  -2.07987014494520e-02   2.05126765884723e-02   4.83994284135169e-02
  -2.46474650882119e-03  -4.61069878550107e-03  -2.86241530131542e-04   5.01405022461683e-03  -1.02602503853354e-03  -2.07923087617916e-04  -1.22792880975103e-03  -2.30844138603091e-03  -3.66379157636846e-03   5.83063342948097e-04  -9.04956794663977e-04  -3.22605979271121e-04  -9.16756656053877e-05  -1.26194589294578e-04   5.38318711266657e-03  -1.13143433047306e-03   8.06756792219433e-04
  -1.87954013187724e-02   1.47388358674178e-02  -3.13255509570447e-03  -6.36801059102660e-03  -2.18527479723424e-02   1.77832490054888e-02  -2.68572949725783e-02  -4.82143174071887e-03   5.59762425906672e-03   2.24444572497739e-02  -2.35562480392508e-02  -6.66943354048986e-03  -2.16351401890013e-02  -2.22514515827961e-03  -6.55203134534506e-03  -7.56917116316942e-04   1.74001499818506e-02
  -8.30664071713089e-03   3.04769216922100e-02   1.25778266392885e-03  -3.32631308705993e-02  -1.96754520559867e-02   2.83895669266864e-02  -3.86788686610080e-02   9.43095372163010e-03   2.13589209597351e-02   2.44267551131832e-02  -2.31215470272228e-02  -7.34984021555362e-03  -2.34779621271562e-02  -2.70215734085577e-03  -4.94882823179071e-02  -1.83778320195645e-03   1.38605442667953e-02
  -5.49589559565161e-02  -4.82950945519647e-02   9.66985629867482e-02   1.28968278353163e-01   2.47056191561947e-02   3.96030311216545e-02   4.07555387041502e-02   2.15500546262559e-02  -4.54366252239084e-02   3.84339243686400e-02  -6.15708942354487e-02   5.66043129135176e-02   4.13975588261058e-02  -2.98007260987917e-04   3.99414628298858e-02   5.70712604449165e-03   7.72720387018553e-02
  -2.63786261053292e-02  -2.75228769788295e-02   6.60350924352622e-02  -1.06162031479829e-01   3.53616560255328e-02  -3.16711517972878e-02   9.50870522229160e-02   3.15654389261601e-02  -4.04349021186005e-02  -1.70124850601384e-02  -2.21428192570136e-02   7.39893223474525e-02   4.84960876786812e-02   7.51003022660547e-04  -2.06672623613934e-02   2.21062105709567e-02   4.99748011871374e-02
   2.51100008429176e-02  -1.61479733014388e-02  -4.51821202171251e-03   5.18824797868758e-03   3.54415286241880e-02  -2.68974501845218e-02   4.11350649237371e-02   5.12474222596832e-03  -1.00220324007082e-02  -3.16144442244536e-02   3.24571145074336e-02   8.23806997774465e-03   3.22018496435326e-02   1.56640592522847e-03   1.88965587081577e-03   5.30111536759909e-03  -2.41634574630675e-02
  -7.74676469699977e-03  -5.66625290204465e-03  -2.46971011756980e-02   7.48939573573298e-02  -2.29589674925696e-02  -2.99537865649479e-03  -5.01604309118357e-02  -3.24130884770061e-02  -4.09470313700030e-03   9.62617602989005e-03   7.20090108573676e-03  -1.36794012603646e-02   5.74935088264145e-04  -7.89783377254146e-04   2.48311669186945e-02  -3.51697607223603e-04  -1.17198635378319e-02
   2.79946794404826e-02   2.86239654411006e-02  -6.63568088842666e-02   1.11868432032706e-01  -3.83112281528473e-02   3.50617242981440e-02  -1.03553421814051e-01  -3.13404670359472e-02   4.32355874700154e-02   2.48358867189513e-02   2.18174650698666e-02  -8.16098752562860e-02  -5.51760370511742e-02  -1.05375517095723e-03   1.88338875397969e-02  -2.45039921416028e-02  -5.12560433692785e-02
  -2.32924321723210e-02  -2.38882933356918e-02   6.58017189085821e-02  -1.01950966575853e-01   3.33816030044509e-02  -2.83168440090634e-02   8.97712567238900e-02   3.28846397513568e-02  -3.60360900534551e-02  -1.34013136843013e-02  -2.21800904825435e-02   6.93494919890742e-02   4.43035624976010e-02   8.38800074607700e-04  -2.08095820709772e-02   2.04915861653628e-02   4.86471485528198e-02
   1.39852753918383e-02  -2.67485983740419e-02  -1.06999653016697e-02   2.62847975158987e-02   3.11037104360829e-02  -3.24799758638499e-02   5.01244339618710e-02  -6.48627132724114e-03  -1.72172468399514e-02  -3.25274224890449e-02   3.04178132631651e-02   2.72374622426348e-03   2.09382409025453e-02   1.46039900690664e-03   4.09807201361522e-02   7.94016747753665e-03  -2.39853360856310e-02
  -2.02853291722591e-02  -1.99688356854740e-02   6.70081668278088e-02  -1.08724814256882e-01   3.73807864625369e-02  -3.23657696830478e-02   1.01169871719241e-01   3.43691205312509e-02  -3.45421229556005e-02  -2.19135487430750e-02  -2.14127285856939e-02   8.13689345217532e-02   5.42745372856492e-02   1.42907812200144e-03  -1.70634694058523e-02   2.43560576692227e-02   5.17470907053157e-02
   1.53134365291686e-01   2.63456060552526e-02   3.02289167334449e-02   1.04552529097397e-01   7.47000152006259e-02   1.62024459324284e-02  -1.07142200094281e-02   8.21422662276840e-02   6.51328915477720e-02   1.37646604516936e-02   8.97494506373017e-03   2.13135804910382e-02   1.17661947153232e-01  -6.43601246224157e-04  -4.46748183212816e-02  -3.79372528332571e-02  -1.34292438907297e-02
   5.73677951230203e-02   4.82335662495391e-02  -1.00435987419514e-01  -1.34083852994461e-01  -2.73851998518153e-02  -4.11903143193473e-02  -4.58695553619165e-02  -2.37537811180876e-02   4.65070659320812e-02  -3.69456107733602e-02   6.31414038228780e-02  -6.17122217225617e-02  -4.52368684300004e-02   1.03952568577321e-04  -3.95801232855743e-02  -7.50176985159610e-03  -8.04579118497134e-02
   2.91142855310872e-02   3.04595651869001e-02  -6.64398967836141e-02   1.11036318510639e-01  -3.78260948824044e-02   3.49423205454440e-02  -1.01750944738948e-01  -3.06692830202834e-02   4.43168489536711e-02   2.29560446349078e-02   2.21828285571643e-02  -7.97332972143470e-02  -5.36440451439648e-02  -8.51419956290362e-04   1.98680603091827e-02  -2.39405589204048e-02  -5.11162819885407e-02
  -1.20262678192085e-02   1.16507012474178e-02  -1.47951984650064e-02  -1.47037006185609e-01   2.40230326311849e-02   1.48715710672144e-02   1.26362960372588e-01   1.02016723158874e-02  -1.92400038445458e-02  -6.59910456169536e-02   3.19414546552431e-02  -2.32274888017281e-02  -9.00425586063533e-02  -3.52100451837769e-04   2.14900231536331e-03  -2.58851468762138e-02  -2.07122590141342e-02
  -4.95819372328895e-02  -1.74392431338446e-02  -3.63906943351285e-03   1.60310333023328e-01  -4.12083627187598e-02   4.61948847995170e-02  -1.63920491838967e-01  -3.22968728794820e-02  -8.68777347375376e-03   5.63014821799603e-02  -2.53696378704543e-02   4.94332991024079e-03   7.20536332783454e-02  -2.60707724052304e-05  -9.50358177579669e-03   5.06288796086666e-02   1.11295788534023e-02
  -1.28741055081651e-02   2.97650219295776e-02   5.29208873773169e-03  -2.61538732316678e-02  -2.57592553665451e-02   3.22292783245254e-02  -4.45271703712185e-02   5.93488063274627e-03   2.18416266532423e-02   2.90516024071199e-02  -2.76561473383416e-02  -8.18521314227081e-03  -2.78753864727718e-02  -2.24283667997716e-03  -3.92989240875343e-02  -4.78077110387784e-03   1.84930863709020e-02
  -1.69199682396203e-02   2.39464903625434e-02   1.24750080893678e-02  -2.02078257926535e-02  -3.22909535672761e-02   3.22855760503028e-02  -5.05539280954601e-02   5.02831264501657e-03   1.50890364993380e-02   3.42853805237118e-02  -3.30550606181558e-02  -2.20192083093134e-03  -2.04891542079170e-02  -1.20558970865744e-03  -3.29929339446295e-02  -8.33529549746678e-03   2.66144800140236e-02
   2.23179383273794e-02   3.07422309652431e-02  -1.11423719548641e-02  -2.11872339579835e-02   4.42078178999879e-03   2.02882264491480e-02  -2.56163056582965e-02   1.17395442132487e-02   2.64519217991047e-02   9.48554663393132e-03  -7.18216551371327e-03  -9.60546314703038e-03  -1.32522486521210e-02  -3.36760374106730e-03  -5.51336741238368e-02  -2.97950311914945e-03  -6.53478960227882e-03
  -1.38138749847090e-02   2.67311673057619e-02   1.11844564780331e-02  -2.42795488264726e-02  -3.07022839663571e-02   3.30801050011952e-02  -5.10326845101359e-02   6.68538727941082e-03   1.76081631115827e-02   3.30961244300268e-02  -3.11753773312065e-02  -3.05805306811483e-03  -2.07676187253905e-02  -1.41856604801406e-03  -3.91534367809599e-02  -8.09436521090802e-03   2.44736956545918e-02
  -2.38282819035458e-02  -2.39679106943006e-02   6.72195663163263e-02  -1.10851683347732e-01   3.79037750918799e-02  -3.42504827153526e-02   1.02675682001282e-01   3.29760074856130e-02  -3.86462835271026e-02  -2.35266942305536e-02  -2.15534525819145e-02   8.23392323086383e-02   5.52544294118240e-02   1.29093573257678e-03  -1.79863893752338e-02   2.47644977296886e-02   5.18964847923571e-02
   7.93278612499060e-03  -1.80614603607791e-03   9.81554013651597e-03   1.42396096027630e-01  -2.98304875907278e-02  -6.19352766739666e-03  -1.36378011672884e-01  -1.34719642341713e-02   2.17519091055548e-02   6.42380035049508e-02  -2.74891390139934e-02   1.56354825395685e-02   7.88927369083148e-02   6.88332427454651e-04  -3.49521987438019e-03   2.94473934271972e-02   1.74211414602132e-02
