   5.68106312292359e-01
   6.94352159468439e-01
   7.30897009966777e-01
   7.50830564784053e-01
   7.70764119601329e-01
   7.80730897009967e-01
   7.90697674418605e-01
   8.03986710963455e-01
   8.10631229235880e-01
   8.07308970099668e-01
   8.30564784053156e-01
   8.33887043189369e-01
   8.27242524916944e-01
   8.23920265780731e-01
   8.47176079734219e-01
   8.53820598006645e-01
   8.60465116279070e-01
   8.60465116279070e-01
   8.60465116279070e-01
   8.73754152823920e-01
   8.80398671096346e-01
   8.97009966777409e-01
   9.00332225913621e-01
   9.00332225913621e-01
   9.10299003322259e-01
   9.16943521594684e-01
   9.20265780730897e-01
   9.26910299003322e-01
   9.26910299003322e-01
   9.26910299003322e-01
   9.33554817275748e-01
   9.10299003322259e-01
   9.13621262458472e-01
   9.26910299003322e-01
   9.30232558139535e-01
   9.40199335548173e-01
   9.20265780730897e-01
   9.10299003322259e-01
   9.06976744186046e-01
   9.30232558139535e-01
   9.43521594684385e-01
   9.56810631229236e-01
   9.56810631229236e-01
   9.60132890365448e-01
   9.63455149501661e-01
   9.63455149501661e-01
   9.63455149501661e-01
   9.60132890365448e-01
   9.60132890365448e-01
   9.50166112956811e-01
   9.53488372093023e-01
