   2.63071616388269e+00
   2.38700321767020e+00
   2.02939232109560e+00
   1.85950762273034e+00
   1.80933024698701e+00
   1.76364337634404e+00
   1.74777127206997e+00
   1.71969301645841e+00
   1.70505672813894e+00
   1.68421478233244e+00
   1.67346170960761e+00
   1.65531806274090e+00
   1.64992199407744e+00
   1.62848417915019e+00
   1.64083208871565e+00
   1.59873175727290e+00
   1.65452451631041e+00
   1.57397239697256e+00
   1.59685942689051e+00
   1.56371469919645e+00
   1.57291011179505e+00
   1.53790429868035e+00
   1.63007870114253e+00
   1.55905399365158e+00
   1.54878620237650e+00
   1.53284763659779e+00
   1.52595106689255e+00
   1.51569165561964e+00
   1.51076813026743e+00
   1.49638668602823e+00
   1.52281874932186e+00
   1.50327706537145e+00
   1.53337609415717e+00
   1.49980439872971e+00
   1.49045457013756e+00
   1.48283228656169e+00
   1.47783511253380e+00
   1.46759105134053e+00
   1.44727360036696e+00
   1.61806916237608e+00
   1.47592127883528e+00
   1.45701336186171e+00
   1.44967890033503e+00
   1.44036476991107e+00
   1.42928715831792e+00
   1.41621915088563e+00
   1.39292639219538e+00
   1.48496185870210e+00
   1.48057248285911e+00
   1.44500067997435e+00
   1.42103704909991e+00
   1.40909042480956e+00
   1.39410995098625e+00
   1.39436795937386e+00
   1.45016929748138e+00
   1.39409915648188e+00
   1.44260374126925e+00
   1.39260491376825e+00
   1.38687140721713e+00
   1.35573378351780e+00
   1.39475388489272e+00
   1.48550617352777e+00
   1.37803296226333e+00
   1.36731811281139e+00
   1.34882042036329e+00
   1.31536929857990e+00
   1.29542593428516e+00
   1.42472642488748e+00
   1.39026926350065e+00
   1.34455774199336e+00
   1.34405907533710e+00
   1.33976814616673e+00
   1.36256849645403e+00
   1.32665343914527e+00
   1.32550681983595e+00
   1.38624545543637e+00
   1.40559931434667e+00
   1.33891703967145e+00
   1.34361854331694e+00
   1.28626649523655e+00
   1.41598790053472e+00
   1.41186218345749e+00
   1.40304304008192e+00
   1.35957918938407e+00
   1.34880052181519e+00
   1.33858608776216e+00
   1.32862222692878e+00
   1.31790898517245e+00
   1.30675037768369e+00
   1.29301154174511e+00
   1.26752023847345e+00
   1.29707132976331e+00
   1.32590471439259e+00
   1.46088313486330e+00
   1.37314725575052e+00
   1.34499999162196e+00
   1.33133563964112e+00
   1.31907347412739e+00
   1.30698595765290e+00
   1.29485464073397e+00
   1.28278700862190e+00
   1.26919814488766e+00
   1.24641655136740e+00
   1.21325328185292e+00
   1.50712109970815e+00
   1.39378096877100e+00
   1.29889836601051e+00
   1.26535498061327e+00
   1.21833424461122e+00
   1.19191578169060e+00
   1.18474530714358e+00
   1.16564727113048e+00
   1.17198846684207e+00
   1.24782986102495e+00
   1.28529010198353e+00
   1.25429278274633e+00
   1.36989192038276e+00
   1.38755746287210e+00
   1.32299010489611e+00
   1.28623719204101e+00
   1.25950334024459e+00
   1.21457578088884e+00
   1.16597448184499e+00
   1.15195585647183e+00
   1.15382250267135e+00
   1.28318583023108e+00
   1.35642817873641e+00
   1.26166411245113e+00
   1.24169442536730e+00
   1.21372753735437e+00
   1.17092027537103e+00
   1.14609249792854e+00
   1.15025625144977e+00
   1.14690862510455e+00
   1.11885452067516e+00
   1.13223191746789e+00
   1.39490733697281e+00
   1.32577105155607e+00
   1.28897893170074e+00
   1.25924120982992e+00
   1.23157326359482e+00
   1.19828711313621e+00
   1.13799168826014e+00
   1.12133778572847e+00
   1.11300056673450e+00
   1.20756447861690e+00
   1.27319305082271e+00
   1.17024538182471e+00
   1.12033324361130e+00
   1.22367986866291e+00
   1.20820538279766e+00
   1.16132435996213e+00
   1.10528564437355e+00
   1.20782026438113e+00
   1.22870056143888e+00
   1.12107038921234e+00
   1.10719672268502e+00
   1.09415219776824e+00
   1.08352022452858e+00
   1.08134489758592e+00
   1.07767887301527e+00
   1.20710843438809e+00
   1.22047104517801e+00
   1.33231512478328e+00
   1.17859415541453e+00
   1.11816638490365e+00
   1.11076973150378e+00
   1.09138269750328e+00
   1.08611318820235e+00
   1.24273362415712e+00
   1.23292907282444e+00
   1.13915114890281e+00
   1.08862258604184e+00
   1.06852265684627e+00
   1.08018354396680e+00
   1.07701194734098e+00
   1.19511897973967e+00
   1.17031146472592e+00
   1.14280564549383e+00
   1.24108987946885e+00
   1.20426681160215e+00
   1.15686686340765e+00
   1.18891112308850e+00
   1.12196107771403e+00
   1.07986630339586e+00
   1.07009972456889e+00
   1.06233217604903e+00
   1.06705170232738e+00
   1.06054190888750e+00
   1.15959547122588e+00
   1.09962341600783e+00
   1.07126619096298e+00
   1.06278634924332e+00
   1.20229584049464e+00
   1.15389518146212e+00
   1.07242939635460e+00
   1.06124677310743e+00
   1.06540133575695e+00
   1.07748184273010e+00
   1.05244142735657e+00
   1.51516503150667e+00
   1.41904595521770e+00
   1.28252290062614e+00
   1.19557657749466e+00
   1.15154288335592e+00
   1.09384095300492e+00
   1.25230058390870e+00
   1.22664651318918e+00
   1.29064687668484e+00
   1.12070369709000e+00
   1.08816741236328e+00
   1.15677872635850e+00
   1.12433382882833e+00
   1.09625840665906e+00
   1.05563435691900e+00
   1.08070932391982e+00
   1.22910845228313e+00
   1.16974072867728e+00
   1.12357176805453e+00
   1.07440849160554e+00
   1.04974058910997e+00
   1.08015276905370e+00
   1.06065561837260e+00
   1.01011655844745e+00
   9.98444711201915e-01
   1.00428310994082e+00
   1.00262867470750e+00
   1.36866822302155e+00
   1.24135793613649e+00
   1.16351011598012e+00
   1.13993735587568e+00
   1.12208558720477e+00
   1.10561292084235e+00
   1.04592738685757e+00
   1.02960216914491e+00
   1.05791052463241e+00
   1.29098085131797e+00
   1.13935991799924e+00
   1.06688899909342e+00
   1.02945755771204e+00
   1.04275540726475e+00
   1.01512299200607e+00
   1.06933013192717e+00
   1.49797637343049e+00
   1.24851611164421e+00
   1.18860539668835e+00
   1.16095353517058e+00
   1.12772669917513e+00
   1.08081063319463e+00
   1.04802458509252e+00
   1.06726545471954e+00
   1.14332385490122e+00
   1.02288924344837e+00
   1.00808178037913e+00
   1.05316468262948e+00
   1.26815024001071e+00
   1.10118418503543e+00
   1.04113187760290e+00
   1.01247904274859e+00
   9.98756522932046e-01
   1.15656221283521e+00
   1.05138581053242e+00
   1.02089744242555e+00
   9.76081417387368e-01
   1.04656729116683e+00
   1.05006885232094e+00
   1.12778140722782e+00
   1.07218706981606e+00
   1.08958342846686e+00
   1.03155851391075e+00
   1.01998331424899e+00
   1.03855470130769e+00
   1.04117234750365e+00
   9.83845682409467e-01
   9.77629104873037e-01
   1.19788907431490e+00
   1.36653135215314e+00
   1.16612474584727e+00
   1.08124491269296e+00
   1.03671073821611e+00
   1.00927717883878e+00
   1.08500605388577e+00
   1.02803410061587e+00
   9.85234263846218e-01
   9.66521047900850e-01
   1.10722914138980e+00
   1.07365902371019e+00
   1.00462247838895e+00
   9.74854727879958e-01
   1.15118927425120e+00
   1.03578847378020e+00
   1.01952027279687e+00
   9.91367923321741e-01
   9.63457111049426e-01
   1.06714143026291e+00
   1.12335817760697e+00
   1.07945981960769e+00
   9.99461011518042e-01
   1.00594945596997e+00
   1.01935679627901e+00
   9.67674178764792e-01
   1.15094362018872e+00
   1.10600551507849e+00
   1.16991531476438e+00
   1.02033004406974e+00
   9.99408332132937e-01
   1.00343505669799e+00
   1.01937027655025e+00
   9.88057458088434e-01
   9.53007159602963e-01
   9.34895743254890e-01
   9.32169020635263e-01
   9.25922069534576e-01
   1.00820872443350e+00
   1.00406135964538e+00
   9.44663883150163e-01
   9.31148735935290e-01
   1.23872674240988e+00
   1.33733241096287e+00
   1.08928129940826e+00
   1.02605005551113e+00
   9.93076588343085e-01
   1.05106286217312e+00
   1.05430289189491e+00
   9.95085505416947e-01
   1.00550903769160e+00
   1.08009927215305e+00
   1.04594571847162e+00
   1.01093129632499e+00
   9.94123473995978e-01
   9.44228401241830e-01
   9.34789451418313e-01
   9.24046395651084e-01
   9.23604552822757e-01
   9.11462281143299e-01
   9.18740542143350e-01
   9.27320984236422e-01
   1.21510366241283e+00
   1.30694641469981e+00
   1.12369968245408e+00
   1.08897394103216e+00
   1.06539762790196e+00
   1.04493513200324e+00
   1.02534200826867e+00
   1.00221480562487e+00
   9.50288824900763e-01
   1.03118727454648e+00
   1.28856571612789e+00
   1.08159701939563e+00
   1.02644743856354e+00
   9.85434849058119e-01
   9.50904586396473e-01
   9.49263192432444e-01
   1.11487287479853e+00
   1.04955981424977e+00
   1.02754050113456e+00
   1.01029884996475e+00
   9.74228022612893e-01
   9.80371046694374e-01
   1.29319224369564e+00
   1.11488726507649e+00
   1.00441174616865e+00
   1.07442924626175e+00
   1.03032536488190e+00
   1.00697700836012e+00
   9.68055932295646e-01
   9.86018872931669e-01
   1.05291379382778e+00
   1.01514065838438e+00
   9.88809755106644e-01
   9.99717036888397e-01
   9.97783804812053e-01
   1.14815205819518e+00
   9.90408567239972e-01
   9.49539119101921e-01
   9.31603491933419e-01
   9.22494523769104e-01
   9.17941495780719e-01
   9.13229727548905e-01
   9.10282367288071e-01
   9.06625112996075e-01
   9.04399091957163e-01
   9.01656556812351e-01
   8.99843352754180e-01
   8.97826000925440e-01
   8.96247464004212e-01
   8.94802060730229e-01
   8.93376120016959e-01
   8.92354104670405e-01
   8.91079988562948e-01
   8.90340305903789e-01
   8.89236641727834e-01
   8.88680779553530e-01
   8.87731779751983e-01
   8.87322265342696e-01
   8.86473994977275e-01
   8.86212928659663e-01
   8.85408993522028e-01
   8.85302326721955e-01
   8.84534878124254e-01
   8.84541759983022e-01
   8.83961067073489e-01
   8.83833929920136e-01
   8.84049743355646e-01
   8.82878809487611e-01
   8.85544185663135e-01
   8.80961500729072e-01
   8.89236073111357e-01
   8.77489685286835e-01
   8.96348705795299e-01
   8.73619612481195e-01
   1.11266819970639e+00
   1.32595231582407e+00
   1.36462636204626e+00
   1.16316372952956e+00
   1.10600341723488e+00
   1.01283186902944e+00
   9.92097635631785e-01
   1.00451801125828e+00
   1.09704579085047e+00
   1.03765414891352e+00
   1.03724764587568e+00
   1.04613384024557e+00
   1.14822088267664e+00
   1.21519740768081e+00
   1.18603738434167e+00
   1.07837958805148e+00
   1.03457979818185e+00
   1.00180628691612e+00
   9.55498243563683e-01
   9.42308361303207e-01
   9.33261459004587e-01
   9.25488310540059e-01
   9.18906269328770e-01
   9.13556347247117e-01
   9.07612958235419e-01
   9.03546335135015e-01
   8.98509154887812e-01
   8.94120662686933e-01
   8.91190961829894e-01
   8.86053849409640e-01
   8.85204967622902e-01
   8.81221269749542e-01
   8.82097213358741e-01
   8.74851526919688e-01
   8.85731483141759e-01
   8.79559851943937e-01
   8.70067847519705e-01
   1.11169230843843e+00
   1.45989522419278e+00
   1.13428940641447e+00
   1.06156555910874e+00
   1.01031064244274e+00
   1.00228366667704e+00
   9.58556765026626e-01
   1.15022186821051e+00
   1.04724267768619e+00
   1.00467587066497e+00
   9.47578642279694e-01
   9.29382243297611e-01
   1.00411071333651e+00
   9.66283259988496e-01
   1.16898597168681e+00
   1.12051865759475e+00
   1.01314926074490e+00
   9.67673199928315e-01
   9.29390113032373e-01
   9.15921654611799e-01
   9.18806763545563e-01
   9.29904399755812e-01
   1.22327660805720e+00
   1.24483950826292e+00
   1.17831009449353e+00
   1.07533388673209e+00
   1.29737810236862e+00
   1.21090582942536e+00
   1.16743698997899e+00
   1.14171095395461e+00
   1.11276216435222e+00
   1.10478022701954e+00
   1.08777924633140e+00
   1.06924728888403e+00
   1.15118345324403e+00
   1.47698258692682e+00
   1.18417470192978e+00
   1.19722272045696e+00
   1.26108505464534e+00
   1.18207952211430e+00
   1.12778962116653e+00
   1.05125161790972e+00
   1.02862265230490e+00
   1.05497815491236e+00
   1.07347970446038e+00
   1.04488418500657e+00
   9.86086688889734e-01
   9.80065590544286e-01
   1.04226135386702e+00
   1.01396153157032e+00
   9.58902949491835e-01
   9.41290234138705e-01
   9.37311176278504e-01
