   2.82692884437782e+00
   2.92237103604210e+00
   2.83943606197202e+00
   2.18459013644038e+00
   2.09521069450328e+00
   2.14864749713696e+00
   2.14303752795572e+00
   2.08577651015014e+00
   2.10858075562112e+00
   2.06615041073509e+00
   2.02003001226146e+00
   1.93855423484961e+00
   1.90695656582673e+00
   1.88897574122260e+00
   1.87241624962962e+00
   1.85064102163450e+00
   1.82531895664590e+00
   1.78877501151246e+00
   1.76422803240385e+00
   1.73177613521166e+00
   1.69390300270165e+00
   1.63033985365982e+00
   1.60616822294317e+00
   1.59280595083790e+00
   1.60293180957566e+00
   1.58670805628102e+00
   1.54724615306757e+00
   1.53108142584676e+00
   1.52589212273066e+00
   1.50838540551983e+00
   1.63387930103295e+00
   1.99544311162917e+00
   1.70728356764278e+00
   1.60503188262939e+00
   1.55253622678690e+00
   1.68060501043493e+00
   1.64327304744595e+00
   1.65614774627985e+00
   1.75279034063683e+00
   1.60074065544948e+00
   1.61541874589668e+00
   1.65562963138833e+00
   1.71811109464059e+00
   1.63074580045151e+00
   1.65062140997155e+00
   1.63284096094542e+00
   1.63165666220749e+00
   1.62255612823393e+00
   1.66872052137168e+00
   1.60301533990322e+00
   1.60240902226133e+00
   1.56462944049631e+00
   1.53747844707356e+00
   1.63320818716019e+00
   1.56050440136001e+00
   1.64170055602866e+00
   1.74493198819994e+00
   1.56526271838097e+00
   1.53206465863499e+00
   1.53179800054448e+00
   1.54839709035604e+00
   1.62734367003628e+00
   1.61485507698750e+00
   1.55326638786276e+00
   1.56379747542141e+00
   1.60005827001914e+00
   1.49883505837403e+00
   1.49347825063568e+00
   1.49558473040585e+00
   1.48322155151175e+00
   1.56883410677089e+00
   1.59839612656016e+00
   1.50752381008858e+00
   1.57993076273203e+00
   1.51701851879992e+00
   1.44640708694864e+00
   1.45922805262144e+00
   1.44356178456042e+00
   1.42725980310801e+00
   1.43984835204197e+00
   1.40809071260470e+00
   1.35020554959885e+00
   1.43731625902619e+00
   1.58244818852857e+00
   1.67320681173721e+00
   1.50543319089728e+00
   1.43323347739280e+00
   1.44732175493792e+00
   1.44945478257483e+00
   1.40567227318631e+00
   1.43003482794860e+00
   1.54779673535274e+00
   1.46931073669767e+00
   1.37632793277837e+00
   1.34053517859382e+00
   1.43507631666406e+00
   1.39363470905730e+00
   1.33030321637219e+00
   1.47477308503158e+00
   1.53812624374368e+00
   1.47221503502514e+00
   1.47391764338810e+00
   1.40902512770097e+00
   1.37809060339151e+00
   1.39141059950092e+00
   1.42803646423007e+00
   1.42935636762085e+00
   1.42826579051813e+00
   1.48886053992201e+00
   1.55538821224250e+00
   1.40074532630284e+00
   1.39506880296455e+00
   1.49956160527674e+00
   1.55935671832373e+00
   1.40985131697878e+00
   1.38679821933973e+00
   1.37202291311623e+00
   1.34103789120675e+00
   1.33782473010011e+00
   1.34126369855034e+00
   1.29547207648535e+00
   1.30433580594336e+00
   1.33062393359550e+00
   1.37274580071683e+00
   1.31582836862722e+00
   1.36832804432046e+00
   1.55193702493336e+00
   1.38428007208534e+00
   1.31347046520159e+00
   1.27371477720858e+00
   1.28355007975282e+00
   1.25570008939651e+00
   1.26190223758082e+00
   1.24988338575395e+00
   1.22485079140292e+00
   1.24690276339354e+00
   1.25580003089224e+00
   1.33008565451644e+00
   1.40729903616472e+00
   1.52111288399716e+00
   1.31275647327912e+00
   1.32201757657854e+00
   1.35619127891259e+00
   1.34789747311868e+00
   1.33533570921522e+00
   1.40295486707725e+00
   1.39032595799425e+00
   1.30133868417914e+00
   1.32485523260776e+00
   1.23017298286475e+00
   1.29474685072828e+00
   1.37789354051835e+00
   1.26547566294508e+00
   1.20926089782853e+00
   1.20751076561111e+00
   1.28496344285762e+00
   1.34979673317579e+00
   1.24495726198971e+00
   1.16975122632015e+00
   1.18234112395353e+00
   1.16465860911794e+00
   1.14671132302173e+00
   1.21934182442294e+00
   1.17914237539583e+00
   1.11824908316024e+00
   1.19373961913743e+00
   1.26752539290261e+00
   1.20721424623641e+00
   1.14768175084605e+00
   1.17615007651520e+00
   1.11743666891276e+00
   1.10628226608756e+00
   1.14992620496105e+00
   1.17138707097496e+00
   1.10389388394494e+00
   1.12984617844477e+00
   1.07282267377161e+00
   1.06458670734873e+00
   1.05797976331745e+00
   1.03869489956263e+00
   1.02677382020739e+00
   1.04305572667826e+00
   1.01560838499770e+00
   1.11069066013297e+00
   1.06629947878487e+00
   1.01911340853063e+00
   1.07681825774874e+00
   1.26339876053270e+00
   1.06285016849978e+00
   1.12038754244310e+00
   1.15110061785089e+00
   1.03275919052559e+00
   1.01662763563995e+00
   1.08278494676307e+00
   1.26651097568597e+00
   1.17078610783090e+00
   1.15494602331393e+00
   1.15488941682234e+00
   1.17545113739620e+00
   1.14440017414899e+00
   1.09792610823150e+00
   1.04304787198391e+00
   1.01833988142526e+00
   1.12880228551305e+00
   1.01497825910149e+00
   9.37305194765703e-01
   9.29464081102708e-01
   9.41288648043703e-01
   1.04940974807876e+00
   1.08911339735144e+00
   1.09011981394060e+00
   1.16355620868435e+00
   9.56801325724987e-01
   9.32392219677469e-01
   9.12929107557032e-01
   8.94970637919550e-01
   1.10747710758551e+00
   1.08497049743887e+00
   9.89390501183219e-01
   9.74547583762732e-01
   1.11425459160900e+00
   1.06794078597814e+00
   1.38054526862737e+00
   1.13075847785126e+00
   1.00788566792323e+00
   9.57692427431482e-01
   9.51477100132703e-01
   9.40490053776052e-01
   9.27072921105278e-01
   9.00719319261838e-01
   1.06290385620124e+00
   1.02236460720202e+00
   9.31721293288478e-01
   8.90699297039478e-01
   9.03869784808549e-01
   8.86057270221526e-01
   9.57832730223669e-01
   1.21122646495260e+00
   9.99847757818768e-01
   9.20179063805558e-01
   8.82049168775446e-01
   8.71337846887864e-01
   8.70330503983786e-01
   8.71245175173695e-01
   8.58559607314567e-01
   8.62936997851606e-01
   8.44794480265513e-01
   1.11956727231191e+00
   1.77346528000039e+00
   1.57033574484337e+00
   1.20917665536303e+00
   1.08805863694828e+00
   1.00601847338255e+00
   9.53981797156626e-01
   9.17781313015396e-01
   9.02256196799477e-01
   9.06148990511395e-01
   8.93668164248929e-01
   8.87562181402677e-01
   8.54735115044950e-01
   9.61653893299962e-01
   9.93744825522482e-01
   8.81627260174006e-01
   8.59879230813471e-01
   8.53115060976209e-01
   8.29286658786176e-01
   8.36086176084207e-01
   9.39089689213641e-01
   9.77241289433519e-01
   9.37661343691258e-01
   9.97226983388762e-01
   1.12455775302173e+00
   1.01399123609754e+00
   9.51669060736420e-01
   9.48981222098492e-01
   9.30348093034892e-01
   1.04731641612765e+00
   9.72716129553540e-01
   9.41312520105336e-01
   9.27175721158608e-01
   1.10917900904694e+00
   1.19517141536058e+00
   9.80280028534237e-01
   9.39974921374789e-01
   1.02654296200422e+00
   9.72393152175789e-01
   9.41202792738216e-01
   9.22997559516003e-01
   9.88957445849551e-01
   9.49291971378368e-01
   9.39956841927052e-01
   9.19468584389274e-01
   1.11113736363188e+00
   1.14965487039475e+00
   1.00806275535380e+00
   9.55556529214494e-01
   9.40407323155547e-01
   9.12337028527525e-01
   9.39688745460805e-01
   9.23037493270964e-01
   1.10632548196965e+00
   1.16971038603792e+00
   1.01323101826338e+00
   9.53202150403872e-01
   9.38926268818625e-01
   9.21529824970816e-01
   9.16356501193410e-01
   9.10202365013808e-01
   9.11513372764358e-01
   9.03459367932125e-01
   1.11129190875392e+00
   9.81235107885043e-01
   9.32195725622239e-01
   9.05193648327889e-01
   9.36460444327835e-01
   1.00465061350525e+00
   1.10316575910005e+00
   9.31013366066717e-01
   9.19560590508737e-01
   9.30691271074617e-01
   9.03121241610936e-01
   9.24254449141672e-01
   8.95576557830396e-01
   9.28025431324945e-01
   9.32931991703083e-01
   1.13451276485972e+00
   1.12207922318222e+00
   9.63929534028074e-01
   9.17594468351226e-01
   9.06852144573888e-01
   9.00794135350190e-01
   9.00218948071758e-01
   8.95385730197015e-01
   8.98325716273480e-01
   8.90829351052283e-01
   9.12802647969881e-01
   8.97300479429800e-01
   9.16555567747956e-01
   8.91341035105808e-01
   9.12868325430371e-01
   9.00282368277013e-01
   9.15182729610169e-01
   9.07474710702108e-01
   9.20724497789269e-01
   8.93447382931734e-01
   9.15924146881612e-01
   8.97945941549127e-01
   9.15454405430926e-01
   9.17328868081494e-01
   1.28258002878210e+00
   1.18136745485065e+00
   9.86030767269751e-01
   9.21117519173466e-01
   9.07719681684262e-01
   9.04553827363837e-01
   9.00591743933583e-01
   1.02312852795129e+00
   9.66942662385419e-01
   9.19531336460291e-01
   8.93713396619249e-01
   1.00635374448012e+00
   9.31371722276354e-01
   1.08502767510537e+00
   9.86880643960019e-01
   9.12555357182582e-01
   8.96804530830881e-01
   9.02015789313754e-01
   9.09614921730173e-01
   9.25558770024725e-01
   1.13601438408372e+00
   1.10395962934145e+00
   9.57143492140972e-01
   9.11748436759805e-01
   8.98978567838615e-01
   8.88978381311415e-01
   8.87974522212359e-01
   8.82776073711172e-01
   8.95399967974197e-01
   8.80115655476246e-01
   9.04424925619854e-01
   8.80158708258044e-01
   9.05472264610310e-01
   8.92083450473501e-01
   9.02770387312350e-01
   8.89608108098456e-01
   9.13699411297955e-01
   8.92623298976129e-01
   9.14102258343647e-01
   9.15150745287936e-01
   1.10464429728506e+00
   9.64928374847071e-01
   9.26383165046317e-01
   9.28587673531190e-01
   1.06512765939246e+00
   9.65224419603499e-01
   9.05440072533586e-01
   8.79480463284592e-01
   9.52380469125354e-01
   8.91655041579426e-01
   1.13772607583522e+00
   1.09293179752496e+00
   9.34555142146033e-01
   8.89792612454842e-01
   8.95503157699509e-01
   8.88296809072611e-01
   9.10223286891725e-01
   9.12888525302941e-01
   1.24137690725242e+00
   1.18248753306314e+00
   1.06799959002001e+00
   9.50122979463992e-01
   9.11376966465413e-01
   8.99122139131028e-01
   8.88406492945998e-01
   8.83925604472443e-01
   8.80339685166431e-01
   8.81740910533741e-01
   8.78357941505106e-01
   8.85768900841429e-01
   8.77855766171733e-01
   1.18792648812830e+00
   1.15428043458577e+00
   9.86524337056706e-01
   9.19046000866709e-01
   9.03202782633743e-01
   8.90772520747971e-01
   8.83357754290146e-01
   8.83961526268177e-01
   8.77917492599143e-01
   8.86491667527128e-01
   8.73298067400729e-01
   8.88504397337838e-01
   8.69541180146472e-01
   8.85225069536760e-01
   8.77700668841519e-01
   8.84870734009993e-01
   8.67342939359338e-01
   8.87668279460346e-01
   8.71991911656496e-01
   8.82629102842861e-01
   8.83197385702406e-01
   8.84918004444286e-01
   8.77281189921571e-01
   8.84410999041399e-01
   8.96550861538617e-01
   1.29532519813761e+00
   9.95004404382499e-01
   9.38371399181635e-01
   8.95826765046764e-01
   1.00799953355491e+00
   9.42667631301833e-01
   1.02109824714848e+00
   9.72442690406212e-01
   9.72999972532906e-01
   9.22871039842395e-01
   9.97907049685283e-01
   9.58995660524905e-01
   8.97725411179059e-01
   8.74101233583619e-01
   8.78212854513331e-01
   8.68962788910809e-01
   8.73226211406199e-01
   8.67302048759569e-01
   8.71424714549774e-01
   8.64030774419780e-01
   8.72355712229597e-01
   8.60313270376491e-01
   8.72322809395224e-01
   8.62159484569300e-01
   8.70559179358280e-01
   8.62845764227015e-01
   8.69792473813315e-01
   8.61711574189493e-01
   8.64831229620827e-01
   8.66568776830974e-01
   8.64310681474215e-01
   8.72596180755461e-01
   1.14303439515076e+00
   8.99619137992557e-01
   8.61942170223773e-01
   8.60413801461377e-01
   1.03065226896133e+00
   9.63194359442514e-01
   9.90036329893900e-01
   9.72255473167018e-01
   8.75869236276680e-01
   8.58903061622007e-01
   8.82234182438416e-01
   8.75293462480015e-01
   9.30479824825417e-01
   9.81690199075530e-01
   8.72163206835096e-01
   8.57381099051061e-01
   8.54625718641672e-01
   8.56333041159537e-01
   8.56188062201616e-01
   8.48106049085286e-01
   8.54902671012932e-01
   8.49247800824610e-01
   8.51095735060548e-01
   8.49226682912780e-01
