   5.00000000000000e-02   1.85004096345124e+00   4.39653350071413e-01   2.85714285714286e-01   9.09090909090909e-01
   5.50000000000000e-02   2.11049574467022e+00   7.00344570771535e-01   2.85714285714286e-01   8.18181818181818e-01
   6.00000000000000e-02   2.54760273855906e+00   7.38415884759608e-01   4.28571428571429e-01   7.72727272727273e-01
   6.50000000000000e-02   2.03761192524087e+00   4.86109691126199e-01   4.28571428571429e-01   8.63636363636364e-01
   7.00000000000000e-02   2.08340584626044e+00   6.51086423613278e-01   4.28571428571429e-01   7.72727272727273e-01
   7.50000000000000e-02   2.03359533979491e+00   4.79815761780369e-01   4.28571428571429e-01   9.54545454545455e-01
   8.00000000000000e-02   2.30967238373860e+00   8.82671338451660e-01   4.28571428571429e-01   6.81818181818182e-01
   8.50000000000000e-02   2.36912851390761e+00   7.04356799789957e-01   4.28571428571429e-01   7.72727272727273e-01
   9.00000000000000e-02   1.74612218641255e+00   1.09017153452814e+00   4.28571428571429e-01   5.45454545454545e-01
   9.50000000000000e-02   1.88558618393455e+00   9.63175071439697e-01   4.28571428571429e-01   5.90909090909091e-01
   1.00000000000000e-01   2.49796777411281e+00   8.41899582170651e-01   5.71428571428571e-01   6.36363636363636e-01
   0.00000000000000e+00   0.00000000000000e+00   0.00000000000000e+00   0.00000000000000e+00   0.00000000000000e+00
   0.00000000000000e+00   0.00000000000000e+00   0.00000000000000e+00   0.00000000000000e+00   0.00000000000000e+00
   0.00000000000000e+00   0.00000000000000e+00   0.00000000000000e+00   0.00000000000000e+00   0.00000000000000e+00
   0.00000000000000e+00   0.00000000000000e+00   0.00000000000000e+00   0.00000000000000e+00   0.00000000000000e+00
   0.00000000000000e+00   0.00000000000000e+00   0.00000000000000e+00   0.00000000000000e+00   0.00000000000000e+00
   0.00000000000000e+00   0.00000000000000e+00   0.00000000000000e+00   0.00000000000000e+00   0.00000000000000e+00
   0.00000000000000e+00   0.00000000000000e+00   0.00000000000000e+00   0.00000000000000e+00   0.00000000000000e+00
   0.00000000000000e+00   0.00000000000000e+00   0.00000000000000e+00   0.00000000000000e+00   0.00000000000000e+00
   0.00000000000000e+00   0.00000000000000e+00   0.00000000000000e+00   0.00000000000000e+00   0.00000000000000e+00
   0.00000000000000e+00   0.00000000000000e+00   0.00000000000000e+00   0.00000000000000e+00   0.00000000000000e+00
