   6.04316535761612e-02
  -7.20383613414177e-03
   1.10760084168923e-01
  -3.17052889220826e-01
   6.07462055089113e-02
  -3.22458690886491e-01
   1.33390658327091e-01
   2.28087816204362e-02
   1.91785899268855e-02
  -7.48348595286904e-02
  -8.37659769132262e-03
  -6.86535103802262e-03
   4.25218618551259e-03
  -4.07163223599205e-01
   5.40988317007315e-02
   4.84808949383598e-02
   1.12484798726081e-02
  -6.73139461696438e-02
  -6.23390048277436e-02
   2.81146311273498e-02
   1.48629027299770e-01
  -1.62932898021056e-02
   4.94848045860382e-02
  -3.15101381420342e-01
   6.08702275143125e-02
  -1.00082073724930e-02
  -1.59001104199483e-01
   1.96207641122395e-01
   3.04001990065759e-02
   7.58751379138860e-02
  -1.08280482381157e-03
   1.14694763827781e-02
   2.11511219340033e-01
  -7.24270517804040e-02
  -1.21056413799333e-02
  -1.93237845974958e-01
   1.92864625221806e-01
   4.94919704803327e-03
   1.18606256439889e-01
  -3.20108561348502e-01
   1.15866531207719e-02
  -2.16010381221672e-01
   1.42423226918147e-03
   4.24908019013232e-01
  -7.34421443209825e-04
   2.75370621466847e-03
  -3.70115822347162e-02
  -6.31471352715486e-03
   1.52832215970562e-01
  -8.40139875486916e-03
