   0.00000000000000e+00
   1.11111111111111e-01
   2.96296296296296e-01
   2.59259259259259e-01
   3.33333333333333e-01
   3.70370370370370e-01
   3.70370370370370e-01
   4.07407407407407e-01
   4.07407407407407e-01
   4.07407407407407e-01
   4.44444444444444e-01
   4.81481481481481e-01
   5.18518518518518e-01
   5.55555555555556e-01
   5.55555555555556e-01
   6.29629629629630e-01
   6.29629629629630e-01
   6.66666666666667e-01
   7.03703703703704e-01
   6.66666666666667e-01
   6.29629629629630e-01
   5.55555555555556e-01
   5.18518518518518e-01
   4.81481481481481e-01
   5.92592592592593e-01
   5.55555555555556e-01
   5.55555555555556e-01
   5.92592592592593e-01
   4.07407407407407e-01
   6.66666666666667e-01
   6.66666666666667e-01
   5.18518518518518e-01
   6.29629629629630e-01
   7.40740740740741e-01
   7.77777777777778e-01
   8.14814814814815e-01
   7.40740740740741e-01
   6.66666666666667e-01
   7.40740740740741e-01
   7.40740740740741e-01
   8.14814814814815e-01
   8.14814814814815e-01
   8.51851851851852e-01
   7.77777777777778e-01
   8.51851851851852e-01
   7.77777777777778e-01
   8.51851851851852e-01
   8.51851851851852e-01
   8.51851851851852e-01
   7.40740740740741e-01
   8.51851851851852e-01
   8.51851851851852e-01
   8.14814814814815e-01
   8.14814814814815e-01
   8.51851851851852e-01
   7.77777777777778e-01
   8.51851851851852e-01
   8.14814814814815e-01
   8.14814814814815e-01
   7.40740740740741e-01
   8.88888888888889e-01
   8.14814814814815e-01
   8.88888888888889e-01
   8.51851851851852e-01
   8.14814814814815e-01
   8.51851851851852e-01
   8.51851851851852e-01
   8.51851851851852e-01
   8.51851851851852e-01
   7.77777777777778e-01
   8.14814814814815e-01
   8.51851851851852e-01
   8.51851851851852e-01
   8.14814814814815e-01
   9.25925925925926e-01
   9.25925925925926e-01
   8.88888888888889e-01
   8.88888888888889e-01
   9.62962962962963e-01
   8.88888888888889e-01
   8.51851851851852e-01
   9.25925925925926e-01
   8.88888888888889e-01
   9.25925925925926e-01
   9.25925925925926e-01
   8.88888888888889e-01
   8.51851851851852e-01
   9.25925925925926e-01
   8.51851851851852e-01
   9.25925925925926e-01
   8.88888888888889e-01
   8.14814814814815e-01
   8.88888888888889e-01
   8.88888888888889e-01
   8.88888888888889e-01
   9.25925925925926e-01
   9.62962962962963e-01
   9.62962962962963e-01
   8.51851851851852e-01
   9.62962962962963e-01
   9.62962962962963e-01
   8.88888888888889e-01
   8.14814814814815e-01
   8.88888888888889e-01
   8.14814814814815e-01
   9.62962962962963e-01
   8.88888888888889e-01
   8.51851851851852e-01
   9.25925925925926e-01
   9.62962962962963e-01
   9.62962962962963e-01
   9.62962962962963e-01
   8.88888888888889e-01
   9.62962962962963e-01
   9.62962962962963e-01
   9.62962962962963e-01
   9.25925925925926e-01
   9.25925925925926e-01
   9.25925925925926e-01
   8.88888888888889e-01
   8.88888888888889e-01
   9.25925925925926e-01
   8.51851851851852e-01
   6.66666666666667e-01
   8.51851851851852e-01
   8.88888888888889e-01
   9.62962962962963e-01
   8.14814814814815e-01
   8.88888888888889e-01
   8.51851851851852e-01
   9.25925925925926e-01
   9.62962962962963e-01
   1.00000000000000e+00
   1.00000000000000e+00
   1.00000000000000e+00
   1.00000000000000e+00
   1.00000000000000e+00
   1.00000000000000e+00
   1.00000000000000e+00
   1.00000000000000e+00
   1.00000000000000e+00
   1.00000000000000e+00
   1.00000000000000e+00
   1.00000000000000e+00
   1.00000000000000e+00
   1.00000000000000e+00
   1.00000000000000e+00
   1.00000000000000e+00
   1.00000000000000e+00
   1.00000000000000e+00
   1.00000000000000e+00
   1.00000000000000e+00
   1.00000000000000e+00
   1.00000000000000e+00
   1.00000000000000e+00
   1.00000000000000e+00
   1.00000000000000e+00
   1.00000000000000e+00
   1.00000000000000e+00
   1.00000000000000e+00
   1.00000000000000e+00
   1.00000000000000e+00
   1.00000000000000e+00
   1.00000000000000e+00
   1.00000000000000e+00
   1.00000000000000e+00
   1.00000000000000e+00
   1.00000000000000e+00
   1.00000000000000e+00
   1.00000000000000e+00
   1.00000000000000e+00
   1.00000000000000e+00
   1.00000000000000e+00
   1.00000000000000e+00
   1.00000000000000e+00
   1.00000000000000e+00
   1.00000000000000e+00
   1.00000000000000e+00
   1.00000000000000e+00
   1.00000000000000e+00
   1.00000000000000e+00
   1.00000000000000e+00
   1.00000000000000e+00
   1.00000000000000e+00
   1.00000000000000e+00
   1.00000000000000e+00
   1.00000000000000e+00
   1.00000000000000e+00
   1.00000000000000e+00
   1.00000000000000e+00
   1.00000000000000e+00
   1.00000000000000e+00
   1.00000000000000e+00
   1.00000000000000e+00
   1.00000000000000e+00
   1.00000000000000e+00
   1.00000000000000e+00
   1.00000000000000e+00
   1.00000000000000e+00
   1.00000000000000e+00
   1.00000000000000e+00
   1.00000000000000e+00
   1.00000000000000e+00
   1.00000000000000e+00
   1.00000000000000e+00
   1.00000000000000e+00
   1.00000000000000e+00
   1.00000000000000e+00
   1.00000000000000e+00
   1.00000000000000e+00
   1.00000000000000e+00
   1.00000000000000e+00
   1.00000000000000e+00
   1.00000000000000e+00
   1.00000000000000e+00
   1.00000000000000e+00
   1.00000000000000e+00
   1.00000000000000e+00
   1.00000000000000e+00
   1.00000000000000e+00
   1.00000000000000e+00
   1.00000000000000e+00
   1.00000000000000e+00
   1.00000000000000e+00
   1.00000000000000e+00
   1.00000000000000e+00
   1.00000000000000e+00
   1.00000000000000e+00
   1.00000000000000e+00
   1.00000000000000e+00
   1.00000000000000e+00
   1.00000000000000e+00
   1.00000000000000e+00
   1.00000000000000e+00
   1.00000000000000e+00
   1.00000000000000e+00
   1.00000000000000e+00
   1.00000000000000e+00
   1.00000000000000e+00
   1.00000000000000e+00
   1.00000000000000e+00
   1.00000000000000e+00
   1.00000000000000e+00
   1.00000000000000e+00
   1.00000000000000e+00
   1.00000000000000e+00
   1.00000000000000e+00
   1.00000000000000e+00
   1.00000000000000e+00
   1.00000000000000e+00
   1.00000000000000e+00
   1.00000000000000e+00
   1.00000000000000e+00
   1.00000000000000e+00
   1.00000000000000e+00
   1.00000000000000e+00
   1.00000000000000e+00
   1.00000000000000e+00
   1.00000000000000e+00
   1.00000000000000e+00
   1.00000000000000e+00
   1.00000000000000e+00
   1.00000000000000e+00
   1.00000000000000e+00
   1.00000000000000e+00
   1.00000000000000e+00
   1.00000000000000e+00
   1.00000000000000e+00
   1.00000000000000e+00
   1.00000000000000e+00
   1.00000000000000e+00
   1.00000000000000e+00
   1.00000000000000e+00
   1.00000000000000e+00
   1.00000000000000e+00
   1.00000000000000e+00
   1.00000000000000e+00
   1.00000000000000e+00
   1.00000000000000e+00
   1.00000000000000e+00
   1.00000000000000e+00
   1.00000000000000e+00
   1.00000000000000e+00
   1.00000000000000e+00
   1.00000000000000e+00
   1.00000000000000e+00
   1.00000000000000e+00
   1.00000000000000e+00
   1.00000000000000e+00
   1.00000000000000e+00
   1.00000000000000e+00
   1.00000000000000e+00
   1.00000000000000e+00
   1.00000000000000e+00
   1.00000000000000e+00
   1.00000000000000e+00
   1.00000000000000e+00
   1.00000000000000e+00
   1.00000000000000e+00
   1.00000000000000e+00
   1.00000000000000e+00
   1.00000000000000e+00
   1.00000000000000e+00
   1.00000000000000e+00
   1.00000000000000e+00
   1.00000000000000e+00
   1.00000000000000e+00
   1.00000000000000e+00
   1.00000000000000e+00
   1.00000000000000e+00
   1.00000000000000e+00
   1.00000000000000e+00
   1.00000000000000e+00
   1.00000000000000e+00
   1.00000000000000e+00
   1.00000000000000e+00
   1.00000000000000e+00
   1.00000000000000e+00
   1.00000000000000e+00
   1.00000000000000e+00
   1.00000000000000e+00
   1.00000000000000e+00
   1.00000000000000e+00
   1.00000000000000e+00
   1.00000000000000e+00
   1.00000000000000e+00
   1.00000000000000e+00
   1.00000000000000e+00
   1.00000000000000e+00
   1.00000000000000e+00
   1.00000000000000e+00
   1.00000000000000e+00
   1.00000000000000e+00
   1.00000000000000e+00
   1.00000000000000e+00
   1.00000000000000e+00
   1.00000000000000e+00
   1.00000000000000e+00
   1.00000000000000e+00
   1.00000000000000e+00
   1.00000000000000e+00
   1.00000000000000e+00
   1.00000000000000e+00
   1.00000000000000e+00
   1.00000000000000e+00
   1.00000000000000e+00
   1.00000000000000e+00
   1.00000000000000e+00
   1.00000000000000e+00
   1.00000000000000e+00
   1.00000000000000e+00
   1.00000000000000e+00
   1.00000000000000e+00
   1.00000000000000e+00
   1.00000000000000e+00
   1.00000000000000e+00
   1.00000000000000e+00
   1.00000000000000e+00
   1.00000000000000e+00
   1.00000000000000e+00
   1.00000000000000e+00
   1.00000000000000e+00
   1.00000000000000e+00
   1.00000000000000e+00
   1.00000000000000e+00
   1.00000000000000e+00
   1.00000000000000e+00
   1.00000000000000e+00
   1.00000000000000e+00
   1.00000000000000e+00
   1.00000000000000e+00
   1.00000000000000e+00
   1.00000000000000e+00
   1.00000000000000e+00
   1.00000000000000e+00
   1.00000000000000e+00
   1.00000000000000e+00
   1.00000000000000e+00
   1.00000000000000e+00
   1.00000000000000e+00
   1.00000000000000e+00
   1.00000000000000e+00
   1.00000000000000e+00
   1.00000000000000e+00
   1.00000000000000e+00
   1.00000000000000e+00
   1.00000000000000e+00
   1.00000000000000e+00
   1.00000000000000e+00
   1.00000000000000e+00
   1.00000000000000e+00
   1.00000000000000e+00
   1.00000000000000e+00
   1.00000000000000e+00
   1.00000000000000e+00
   1.00000000000000e+00
   1.00000000000000e+00
   1.00000000000000e+00
   1.00000000000000e+00
   1.00000000000000e+00
   1.00000000000000e+00
   1.00000000000000e+00
   1.00000000000000e+00
   1.00000000000000e+00
   1.00000000000000e+00
   1.00000000000000e+00
   1.00000000000000e+00
   1.00000000000000e+00
   1.00000000000000e+00
   1.00000000000000e+00
   1.00000000000000e+00
   1.00000000000000e+00
   1.00000000000000e+00
   1.00000000000000e+00
   1.00000000000000e+00
   1.00000000000000e+00
   1.00000000000000e+00
   1.00000000000000e+00
   1.00000000000000e+00
   1.00000000000000e+00
   1.00000000000000e+00
   1.00000000000000e+00
   1.00000000000000e+00
   1.00000000000000e+00
   1.00000000000000e+00
   1.00000000000000e+00
   1.00000000000000e+00
   1.00000000000000e+00
   1.00000000000000e+00
   1.00000000000000e+00
   1.00000000000000e+00
   1.00000000000000e+00
   1.00000000000000e+00
   1.00000000000000e+00
   1.00000000000000e+00
   1.00000000000000e+00
   1.00000000000000e+00
   1.00000000000000e+00
   1.00000000000000e+00
   1.00000000000000e+00
   1.00000000000000e+00
   1.00000000000000e+00
   1.00000000000000e+00
   1.00000000000000e+00
   1.00000000000000e+00
   1.00000000000000e+00
   1.00000000000000e+00
   1.00000000000000e+00
   1.00000000000000e+00
   1.00000000000000e+00
   1.00000000000000e+00
   1.00000000000000e+00
   1.00000000000000e+00
   1.00000000000000e+00
   1.00000000000000e+00
   1.00000000000000e+00
   1.00000000000000e+00
   1.00000000000000e+00
   1.00000000000000e+00
   1.00000000000000e+00
   1.00000000000000e+00
   1.00000000000000e+00
   1.00000000000000e+00
   1.00000000000000e+00
   1.00000000000000e+00
   1.00000000000000e+00
   1.00000000000000e+00
   1.00000000000000e+00
   1.00000000000000e+00
   1.00000000000000e+00
   1.00000000000000e+00
   1.00000000000000e+00
   1.00000000000000e+00
   1.00000000000000e+00
   1.00000000000000e+00
   1.00000000000000e+00
   1.00000000000000e+00
   1.00000000000000e+00
   1.00000000000000e+00
   1.00000000000000e+00
   1.00000000000000e+00
   1.00000000000000e+00
   1.00000000000000e+00
   1.00000000000000e+00
   1.00000000000000e+00
   1.00000000000000e+00
   1.00000000000000e+00
   1.00000000000000e+00
   1.00000000000000e+00
   1.00000000000000e+00
   1.00000000000000e+00
   1.00000000000000e+00
   1.00000000000000e+00
   1.00000000000000e+00
   1.00000000000000e+00
   1.00000000000000e+00
   1.00000000000000e+00
   1.00000000000000e+00
   1.00000000000000e+00
   1.00000000000000e+00
   1.00000000000000e+00
