   1.06866443381302e+00
   8.93021213604037e-01
   8.61593748324096e-01
   8.47897500364515e-01
   8.38024742172096e-01
   8.30012582345796e-01
   8.27024947912854e-01
   8.24908592659555e-01
   8.23536979502706e-01
   8.22727713330393e-01
   8.22173092078516e-01
   8.21721922722801e-01
   8.21338772560646e-01
   8.20995465919739e-01
   8.20746169606480e-01
   8.20615027822189e-01
   8.20632210532758e-01
   8.20862203117430e-01
   8.21150773212769e-01
   8.21261982272902e-01
   8.21149301676789e-01
   8.20901173613325e-01
   8.20564916058053e-01
   8.20194386597922e-01
   8.19843870575171e-01
   8.19546370955190e-01
   8.19302592668366e-01
   8.18946848941767e-01
   8.18719410823100e-01
   8.17952478592836e-01
   8.17690379096633e-01
   8.17169605007671e-01
   8.16695670713130e-01
   8.16143340394802e-01
   8.15533615626277e-01
   8.14863680567342e-01
   8.14105224166239e-01
   8.13309203353871e-01
   8.12745763070403e-01
   8.12448003171763e-01
   8.12119297270815e-01
   8.11765295198878e-01
   8.11394911118683e-01
   8.11005487300525e-01
   8.10578621706597e-01
   8.10089094751975e-01
   8.09533176394407e-01
   8.08935179464594e-01
   8.08320365264806e-01
   8.07700731665926e-01
   8.07068022765187e-01
