  -1.30103337901915e-02   3.43125989199741e-03   1.29981586957476e-01  -3.84401619142569e-02  -4.43079505157435e-02
   1.40722621740158e-02  -7.45401082122245e-03  -5.51288408607571e-01   4.93644644022804e-02   4.42856036898725e-02
  -3.41965855242071e-02  -1.54869475566799e-02   2.89408331606900e-02   5.23232054124744e-02  -1.53881704432828e-01
   5.67784100257475e-02   4.37892979780455e-02  -9.46936518449890e-02  -7.88688220280516e-02   7.88411998620356e-02
  -3.88873721024798e-02  -9.99355807388563e-03   6.84017803867015e-02   1.24382444476307e-02  -1.73399630805112e-02
  -5.27329315153921e-02  -7.72989464226827e-02  -2.20363944764369e-02   1.62866277309937e-01  -3.05322644358398e-03
  -7.65375608632491e-02  -4.06764778078167e-02   3.22461516031728e-01   1.40438641187492e-01  -9.96878999910631e-02
  -4.95437128298491e-02  -4.61595033681089e-02   2.21528585369845e-02   5.11946420895977e-01  -5.63953275922253e-02
   2.59357064066449e-02   1.77551673100695e-02  -9.17635399537727e-02  -1.25791177105038e-02  -8.59272433286964e-02
   1.07958553759058e-02   2.12465058336115e-02  -4.81867952071696e-01   9.00700873185128e-02   2.89704001876999e-01
   1.11361963670923e-01   3.68338066366948e-02  -2.19429369918508e-01  -4.17603174644138e-02   1.85326069202007e-01
   5.23862270277227e-02   2.39276867938355e-02  -1.41030099869411e-01  -6.40681916176216e-02   6.10303735238458e-02
   5.52156021426608e-02   4.33374005660971e-02  -6.98393684293481e-02  -1.44962643130758e-01   5.00528476311686e-02
  -1.60354493037312e-02  -6.93878124505071e-03   1.41807699592613e-02   2.53498341458940e-02  -4.12145066216237e-02
   2.42102593435067e-02   1.27307743096050e-02   3.09832941794551e-02  -2.86210773370276e-03   8.05898692599342e-02
  -4.71174312455139e-03  -2.55049419828174e-02   1.31677461972657e-01   9.14221744905803e-03  -3.87519806028110e-02
  -1.38713606339611e-01  -5.42746614244484e-02   1.24287115125454e-01   1.24368101363353e-01  -2.15082705200539e-01
   2.04286859877124e-02   4.47863449487220e-02   1.34489117874091e-02  -2.15412247033887e-01   4.15172572721173e-03
   7.47845198669267e-02   7.21385954046563e-02  -1.48635896991815e-01  -1.88034817067197e-01   1.46021383177502e-01
  -6.10223500029082e-03  -3.79447683014364e-02   1.64005374925749e-03   1.21680165204062e-02   2.46212611852279e-03
  -3.99855053065257e-02  -1.15056507020735e-01  -5.29640516961221e-02   2.89888620267976e-01  -1.75601520741157e-02
   9.48082769383188e-02   1.51213899799273e-01  -7.52933020263592e-02  -4.82132185859290e-02  -7.65122927415288e-03
  -2.79360407274311e-01  -3.75573195200010e-02   1.01635808879373e-01   9.05136790145615e-02  -4.90295697149210e-02
  -5.45504441492921e-02  -4.67758206554044e-02   8.66225279804906e-02   8.49629721546026e-02  -5.31607369445894e-02
  -6.32543642348539e-02  -1.01645147331797e-01   7.78345594054894e-02   2.15580680475337e-01   4.41920019642440e-01
   5.75178390256131e-02   3.16511098236182e-02  -6.87901058042856e-02  -7.02704029401857e-02   4.30083678242705e-02
   3.40697871115785e-02   1.39425743065528e-01  -8.12580528351290e-03  -6.42846271186372e-02  -5.46029592441484e-02
  -5.43181456036147e-03   8.45658213413048e-02   4.67582705923133e-02  -2.49338141856864e-01  -3.32688811012410e-02
   7.62646891642571e-02   1.68770373379040e-01  -4.02944365344576e-02  -3.13471684783707e-01   1.04175968883490e-02
  -1.53227533590862e-02  -9.48899804323040e-03   1.49868219948256e-02   1.35575757627937e-02  -9.43397534352040e-03
   2.67532672329286e-02   1.05103915640686e-01  -4.48575224442212e-02  -1.43760831904629e-02   1.38653186892452e-02
   2.22160782003279e-01   4.80873990207508e-02  -4.57864547957978e-02  -1.26538477692375e-01   1.21381557176296e-01
  -1.58686126175795e-02  -2.71039255097482e-02  -6.86777240065983e-02   1.37752594207644e-01   7.87059870601307e-03
   8.64278361824379e-03   2.14118572100198e-03   1.81231551585042e-03  -2.80979060806085e-03  -6.88501891153051e-03
   4.90284582088873e-02   2.29043642564578e-02  -5.43659589139668e-02  -1.09045905839544e-01   2.50323486881893e-02
  -1.79189095630382e-01   1.18859372608388e-01  -3.15015627734973e-02   5.49119833871433e-02  -3.76341499886488e-02
  -6.07575851710108e-02  -2.73969180328596e-02   7.42408781104146e-02   6.04930565740273e-02  -1.28764381131645e-01
   3.70996240588415e-02   2.25780116188231e-02  -8.54113925177997e-02  -3.04168687993855e-02   5.72969201014191e-02
  -2.91582798224663e-02  -6.36811859957249e-02   1.07268926780558e-01   2.57428933462334e-02  -5.25473483127999e-02
  -1.73758432882910e-02   1.35775619565592e-02   3.77317580601179e-02  -5.57392470282516e-02  -1.00076349143202e-02
  -8.27672688770777e-02  -3.36131558387445e-02   7.45732572643800e-02   5.79202540028860e-02  -5.21600300016998e-02
   3.63429887572917e-02   1.82544207993539e-02  -5.07452063324128e-02  -3.31180876845222e-02   2.34832185260325e-02
   5.83231768110901e-01  -7.01890716192534e-03  -7.45902682665026e-02   3.72652421158884e-01  -9.69616499241581e-02
   3.59101819941327e-02   1.85249736154717e-02   5.21983523922820e-02  -7.48525632363504e-02   1.29470464160431e-03
  -7.63110169805795e-02  -4.31359089775874e-02   8.30785733156551e-02   7.35121455264170e-02  -4.80336309069756e-02
   5.39244660944888e-02   1.86310074216226e-01   4.15121901839675e-02  -2.14920467699111e-01   7.98822440974959e-03
  -2.18151020573572e-02   3.68999920552715e-02   4.46332107531858e-02  -1.12737326757076e-01  -9.96869157783164e-02
   3.54928676446658e-01   4.59686827319566e-02  -1.87211948041524e-03  -1.61102409417797e-01   2.59865595561730e-02
   4.35962505589860e-02   2.28212732931091e-02  -1.98101981413980e-02  -1.25076925071209e-01   7.85189522015275e-02
   2.30586554058703e-02   2.26997122334937e-02   2.46182848732534e-02  -8.59285857165351e-02  -5.10809805149397e-03
