   3.00000000000000e-01
   2.50000000000000e-01
   3.00000000000000e-01
   2.50000000000000e-01
   3.00000000000000e-01
   3.00000000000000e-01
   3.50000000000000e-01
   3.50000000000000e-01
   3.50000000000000e-01
   4.00000000000000e-01
   4.00000000000000e-01
   3.50000000000000e-01
   3.50000000000000e-01
   3.50000000000000e-01
   3.00000000000000e-01
   4.00000000000000e-01
   4.50000000000000e-01
   4.50000000000000e-01
   5.50000000000000e-01
   4.50000000000000e-01
   4.50000000000000e-01
   4.50000000000000e-01
   4.50000000000000e-01
   4.50000000000000e-01
   5.50000000000000e-01
   5.00000000000000e-01
   4.00000000000000e-01
   5.00000000000000e-01
   5.50000000000000e-01
   5.00000000000000e-01
   5.00000000000000e-01
   5.50000000000000e-01
   5.00000000000000e-01
   5.00000000000000e-01
   5.50000000000000e-01
   5.00000000000000e-01
   5.00000000000000e-01
   4.50000000000000e-01
   5.00000000000000e-01
   5.00000000000000e-01
   5.00000000000000e-01
   4.50000000000000e-01
   5.50000000000000e-01
   4.50000000000000e-01
   5.50000000000000e-01
   5.50000000000000e-01
   5.50000000000000e-01
   5.50000000000000e-01
   5.00000000000000e-01
   5.00000000000000e-01
   5.00000000000000e-01
   5.50000000000000e-01
   6.00000000000000e-01
   5.50000000000000e-01
   6.00000000000000e-01
   6.50000000000000e-01
   6.50000000000000e-01
   6.00000000000000e-01
   5.50000000000000e-01
   6.00000000000000e-01
   6.00000000000000e-01
   6.00000000000000e-01
   6.50000000000000e-01
   6.50000000000000e-01
   7.00000000000000e-01
   7.00000000000000e-01
   7.00000000000000e-01
   7.00000000000000e-01
   7.00000000000000e-01
   7.00000000000000e-01
   7.00000000000000e-01
   7.00000000000000e-01
   6.50000000000000e-01
   6.00000000000000e-01
   6.50000000000000e-01
   6.00000000000000e-01
   7.00000000000000e-01
   6.00000000000000e-01
   7.50000000000000e-01
   6.50000000000000e-01
   7.00000000000000e-01
   7.00000000000000e-01
   7.50000000000000e-01
   7.00000000000000e-01
   6.50000000000000e-01
   7.00000000000000e-01
   7.00000000000000e-01
   8.00000000000000e-01
   8.00000000000000e-01
   8.00000000000000e-01
   7.50000000000000e-01
   7.50000000000000e-01
   7.00000000000000e-01
   7.50000000000000e-01
   7.50000000000000e-01
   7.50000000000000e-01
   6.50000000000000e-01
   7.50000000000000e-01
   8.00000000000000e-01
   8.50000000000000e-01
   7.50000000000000e-01
   6.00000000000000e-01
   6.00000000000000e-01
   6.50000000000000e-01
   7.50000000000000e-01
   8.50000000000000e-01
   8.00000000000000e-01
   7.00000000000000e-01
   8.00000000000000e-01
   7.50000000000000e-01
   7.00000000000000e-01
   7.50000000000000e-01
   8.50000000000000e-01
   8.50000000000000e-01
   7.00000000000000e-01
   8.50000000000000e-01
   8.00000000000000e-01
   8.00000000000000e-01
   8.50000000000000e-01
   8.50000000000000e-01
   8.00000000000000e-01
   8.50000000000000e-01
   8.50000000000000e-01
   9.00000000000000e-01
   8.50000000000000e-01
   9.00000000000000e-01
   9.00000000000000e-01
   9.00000000000000e-01
   9.00000000000000e-01
   9.00000000000000e-01
   8.50000000000000e-01
   9.00000000000000e-01
   8.00000000000000e-01
   7.50000000000000e-01
   9.50000000000000e-01
   8.50000000000000e-01
   8.50000000000000e-01
   7.50000000000000e-01
   7.00000000000000e-01
   8.50000000000000e-01
   9.00000000000000e-01
   8.50000000000000e-01
   9.50000000000000e-01
   9.50000000000000e-01
   9.50000000000000e-01
   9.50000000000000e-01
   9.50000000000000e-01
   9.50000000000000e-01
   9.50000000000000e-01
   9.50000000000000e-01
   9.50000000000000e-01
   9.50000000000000e-01
   1.00000000000000e+00
   1.00000000000000e+00
   1.00000000000000e+00
   1.00000000000000e+00
   9.00000000000000e-01
   9.50000000000000e-01
   8.50000000000000e-01
   8.00000000000000e-01
   6.50000000000000e-01
   8.50000000000000e-01
   8.50000000000000e-01
   8.50000000000000e-01
   8.50000000000000e-01
   9.00000000000000e-01
   9.50000000000000e-01
   1.00000000000000e+00
   8.00000000000000e-01
   7.50000000000000e-01
   9.00000000000000e-01
   9.00000000000000e-01
   8.00000000000000e-01
   9.50000000000000e-01
   9.00000000000000e-01
   8.00000000000000e-01
   9.50000000000000e-01
   9.00000000000000e-01
   9.50000000000000e-01
   6.50000000000000e-01
   9.00000000000000e-01
   8.50000000000000e-01
   1.00000000000000e+00
   9.00000000000000e-01
   8.50000000000000e-01
   9.00000000000000e-01
   8.00000000000000e-01
   9.00000000000000e-01
   9.00000000000000e-01
   9.00000000000000e-01
   9.50000000000000e-01
   7.50000000000000e-01
   8.00000000000000e-01
   9.00000000000000e-01
   9.00000000000000e-01
   9.00000000000000e-01
   9.50000000000000e-01
   9.50000000000000e-01
   9.50000000000000e-01
   9.50000000000000e-01
   9.50000000000000e-01
   1.00000000000000e+00
   9.00000000000000e-01
   9.00000000000000e-01
   9.50000000000000e-01
   9.50000000000000e-01
   9.50000000000000e-01
   9.50000000000000e-01
   9.50000000000000e-01
   1.00000000000000e+00
   1.00000000000000e+00
   9.00000000000000e-01
   1.00000000000000e+00
   1.00000000000000e+00
   1.00000000000000e+00
   1.00000000000000e+00
   1.00000000000000e+00
   1.00000000000000e+00
   1.00000000000000e+00
   1.00000000000000e+00
   8.50000000000000e-01
   1.00000000000000e+00
   8.00000000000000e-01
   8.00000000000000e-01
   9.00000000000000e-01
   9.50000000000000e-01
   1.00000000000000e+00
   1.00000000000000e+00
   1.00000000000000e+00
   1.00000000000000e+00
   1.00000000000000e+00
   1.00000000000000e+00
   1.00000000000000e+00
   1.00000000000000e+00
   1.00000000000000e+00
   1.00000000000000e+00
   1.00000000000000e+00
   1.00000000000000e+00
   1.00000000000000e+00
   1.00000000000000e+00
   8.00000000000000e-01
   8.00000000000000e-01
   9.00000000000000e-01
   1.00000000000000e+00
   1.00000000000000e+00
   1.00000000000000e+00
   1.00000000000000e+00
   1.00000000000000e+00
   1.00000000000000e+00
   1.00000000000000e+00
   1.00000000000000e+00
   1.00000000000000e+00
   1.00000000000000e+00
   1.00000000000000e+00
   1.00000000000000e+00
   1.00000000000000e+00
   1.00000000000000e+00
   1.00000000000000e+00
   1.00000000000000e+00
   1.00000000000000e+00
   1.00000000000000e+00
   1.00000000000000e+00
   1.00000000000000e+00
   1.00000000000000e+00
   1.00000000000000e+00
   1.00000000000000e+00
   1.00000000000000e+00
   1.00000000000000e+00
   1.00000000000000e+00
   1.00000000000000e+00
   1.00000000000000e+00
   1.00000000000000e+00
   1.00000000000000e+00
   1.00000000000000e+00
   1.00000000000000e+00
   1.00000000000000e+00
   1.00000000000000e+00
   1.00000000000000e+00
   1.00000000000000e+00
   1.00000000000000e+00
   1.00000000000000e+00
   1.00000000000000e+00
   1.00000000000000e+00
   1.00000000000000e+00
   1.00000000000000e+00
   1.00000000000000e+00
   1.00000000000000e+00
   1.00000000000000e+00
   1.00000000000000e+00
   1.00000000000000e+00
   1.00000000000000e+00
   1.00000000000000e+00
   1.00000000000000e+00
   1.00000000000000e+00
   1.00000000000000e+00
   1.00000000000000e+00
   1.00000000000000e+00
   1.00000000000000e+00
   1.00000000000000e+00
   1.00000000000000e+00
   1.00000000000000e+00
   1.00000000000000e+00
   1.00000000000000e+00
   1.00000000000000e+00
   1.00000000000000e+00
   1.00000000000000e+00
   1.00000000000000e+00
   1.00000000000000e+00
   1.00000000000000e+00
   1.00000000000000e+00
   1.00000000000000e+00
   1.00000000000000e+00
   1.00000000000000e+00
   1.00000000000000e+00
   1.00000000000000e+00
   1.00000000000000e+00
   1.00000000000000e+00
   1.00000000000000e+00
   1.00000000000000e+00
   1.00000000000000e+00
   1.00000000000000e+00
   1.00000000000000e+00
   1.00000000000000e+00
   1.00000000000000e+00
   1.00000000000000e+00
   1.00000000000000e+00
   1.00000000000000e+00
   1.00000000000000e+00
   1.00000000000000e+00
   1.00000000000000e+00
   1.00000000000000e+00
   1.00000000000000e+00
   1.00000000000000e+00
   1.00000000000000e+00
   1.00000000000000e+00
   1.00000000000000e+00
   1.00000000000000e+00
   1.00000000000000e+00
   1.00000000000000e+00
   1.00000000000000e+00
   1.00000000000000e+00
   1.00000000000000e+00
   1.00000000000000e+00
   1.00000000000000e+00
   1.00000000000000e+00
   1.00000000000000e+00
   1.00000000000000e+00
   1.00000000000000e+00
   1.00000000000000e+00
   1.00000000000000e+00
   1.00000000000000e+00
   1.00000000000000e+00
   1.00000000000000e+00
   1.00000000000000e+00
   1.00000000000000e+00
   1.00000000000000e+00
   1.00000000000000e+00
   1.00000000000000e+00
   1.00000000000000e+00
   1.00000000000000e+00
   1.00000000000000e+00
   1.00000000000000e+00
   1.00000000000000e+00
   1.00000000000000e+00
   1.00000000000000e+00
   1.00000000000000e+00
   1.00000000000000e+00
   1.00000000000000e+00
   1.00000000000000e+00
   1.00000000000000e+00
   1.00000000000000e+00
   1.00000000000000e+00
   1.00000000000000e+00
   1.00000000000000e+00
   1.00000000000000e+00
   1.00000000000000e+00
   1.00000000000000e+00
   1.00000000000000e+00
   1.00000000000000e+00
   1.00000000000000e+00
   1.00000000000000e+00
   1.00000000000000e+00
   1.00000000000000e+00
   1.00000000000000e+00
   1.00000000000000e+00
   1.00000000000000e+00
   1.00000000000000e+00
   1.00000000000000e+00
   1.00000000000000e+00
   1.00000000000000e+00
   1.00000000000000e+00
   1.00000000000000e+00
   1.00000000000000e+00
   1.00000000000000e+00
   1.00000000000000e+00
   1.00000000000000e+00
   1.00000000000000e+00
   1.00000000000000e+00
   1.00000000000000e+00
   1.00000000000000e+00
   1.00000000000000e+00
   1.00000000000000e+00
   1.00000000000000e+00
   1.00000000000000e+00
   1.00000000000000e+00
   1.00000000000000e+00
   1.00000000000000e+00
   1.00000000000000e+00
   1.00000000000000e+00
   1.00000000000000e+00
   1.00000000000000e+00
   1.00000000000000e+00
   1.00000000000000e+00
   1.00000000000000e+00
   1.00000000000000e+00
   1.00000000000000e+00
   1.00000000000000e+00
   1.00000000000000e+00
   1.00000000000000e+00
   1.00000000000000e+00
   1.00000000000000e+00
   1.00000000000000e+00
   1.00000000000000e+00
   1.00000000000000e+00
   1.00000000000000e+00
   1.00000000000000e+00
   1.00000000000000e+00
   1.00000000000000e+00
   1.00000000000000e+00
   1.00000000000000e+00
   1.00000000000000e+00
   1.00000000000000e+00
   1.00000000000000e+00
   1.00000000000000e+00
   1.00000000000000e+00
   1.00000000000000e+00
   1.00000000000000e+00
   1.00000000000000e+00
   1.00000000000000e+00
   1.00000000000000e+00
   1.00000000000000e+00
   1.00000000000000e+00
   1.00000000000000e+00
   1.00000000000000e+00
   1.00000000000000e+00
   1.00000000000000e+00
   1.00000000000000e+00
   1.00000000000000e+00
   1.00000000000000e+00
   1.00000000000000e+00
   1.00000000000000e+00
   1.00000000000000e+00
   1.00000000000000e+00
   1.00000000000000e+00
   1.00000000000000e+00
   1.00000000000000e+00
   1.00000000000000e+00
   1.00000000000000e+00
   1.00000000000000e+00
   1.00000000000000e+00
   1.00000000000000e+00
   1.00000000000000e+00
   1.00000000000000e+00
   1.00000000000000e+00
   1.00000000000000e+00
   1.00000000000000e+00
   1.00000000000000e+00
   1.00000000000000e+00
   1.00000000000000e+00
   1.00000000000000e+00
   1.00000000000000e+00
   1.00000000000000e+00
   1.00000000000000e+00
   1.00000000000000e+00
   1.00000000000000e+00
   1.00000000000000e+00
   1.00000000000000e+00
   1.00000000000000e+00
   1.00000000000000e+00
   1.00000000000000e+00
   1.00000000000000e+00
   1.00000000000000e+00
   1.00000000000000e+00
   1.00000000000000e+00
   1.00000000000000e+00
   1.00000000000000e+00
   1.00000000000000e+00
   1.00000000000000e+00
   1.00000000000000e+00
   1.00000000000000e+00
   1.00000000000000e+00
   1.00000000000000e+00
   1.00000000000000e+00
   1.00000000000000e+00
   1.00000000000000e+00
   1.00000000000000e+00
   1.00000000000000e+00
   1.00000000000000e+00
   1.00000000000000e+00
   1.00000000000000e+00
   1.00000000000000e+00
