   2.76391739177714e+00
   1.81158640422209e+00
   1.57127962493475e+00
   1.59481689616185e+00
   1.53833874888746e+00
   1.51680560529760e+00
   1.48345619869240e+00
   1.46029303689199e+00
   1.44994828257515e+00
   1.43760578619314e+00
   1.41346792833872e+00
   1.36873339368014e+00
   1.37290423236570e+00
   1.31233605145665e+00
   1.32754983839894e+00
   1.25808183905905e+00
   1.23679195414794e+00
   1.14955987144452e+00
   1.10556331716399e+00
   1.35748745232512e+00
   1.37167550854927e+00
   1.49837418224581e+00
   1.40690891847614e+00
   1.35353759670064e+00
   1.35182370288580e+00
   1.32754327242180e+00
   1.28993940463434e+00
   1.25802286630907e+00
   1.22852843627872e+00
   1.22437336236142e+00
   1.19608233385668e+00
   1.19109478849503e+00
   1.13732145099825e+00
   1.11860666836009e+00
   1.09447152828896e+00
   1.05932255668176e+00
   1.09822787246092e+00
   1.12859572176700e+00
   1.06026947067855e+00
   1.02209076463124e+00
   9.91987055022838e-01
   1.07609237154702e+00
   1.04542816944697e+00
   1.08190387577007e+00
   9.45943753784544e-01
   9.51988546472028e-01
   9.25546537961268e-01
   9.15387504934235e-01
   8.95725150459142e-01
   8.96893378939130e-01
   8.89258824448701e-01
   8.89564139079846e-01
   7.94881940628744e-01
   8.10426325328018e-01
   8.27096479457418e-01
   7.89785907420620e-01
   8.17897086977877e-01
   8.40932101698226e-01
   8.21229036442280e-01
   7.98540256441249e-01
   7.63432406744015e-01
   7.14481840026387e-01
   7.16013197192119e-01
   6.99015853965261e-01
   6.82868326760839e-01
   6.77946448682948e-01
   6.59632712502791e-01
   6.53651848433866e-01
   6.54343673020675e-01
   6.41256615333556e-01
   6.87209476918302e-01
   6.72448358648628e-01
   9.12700354930275e-01
   8.03486472934820e-01
   7.32336671766319e-01
   6.55656957183858e-01
   6.32122388567969e-01
   8.69101350652833e-01
   6.97621706258427e-01
   7.38644523007284e-01
   7.08463435122084e-01
   5.80879900491481e-01
   6.39510934188305e-01
   6.96095099541730e-01
   6.12960781071080e-01
   5.53497498984773e-01
   6.57362131545333e-01
   5.82959699062111e-01
   5.67701864150225e-01
   5.51399095649163e-01
   6.02175526719924e-01
   5.32747819566640e-01
   6.95157830820482e-01
   5.68261694192732e-01
   5.01811814919510e-01
   5.82849883085034e-01
   7.72793391363024e-01
   5.24105070197424e-01
   4.75232450485779e-01
   4.55896471910870e-01
   4.94509317292297e-01
   6.59392016387254e-01
   1.02881972588449e+00
   9.28829347935038e-01
   7.44077620542630e-01
   6.75713428118502e-01
   6.51992565642882e-01
   7.27623138566818e-01
   6.18566839831131e-01
   5.44074757353830e-01
   6.98061446328784e-01
   5.83107005931380e-01
   5.11910232500578e-01
   5.40107128189547e-01
   5.58881838305491e-01
   5.01432383484163e-01
   4.66729449961858e-01
   4.64423650216909e-01
   4.62288191263091e-01
   4.61071376384743e-01
   4.37560837503709e-01
   4.34028011149019e-01
   4.23140244797476e-01
   4.15551552377123e-01
   3.74650580621393e-01
   3.75711198409786e-01
   3.54676738385103e-01
   3.36410809571732e-01
   3.18751186684238e-01
   3.12174281415697e-01
   3.19665081126138e-01
   2.90147913929816e-01
   4.15630359286248e-01
   5.93869724022768e-01
   3.56085615044285e-01
   4.00108192829111e-01
   3.69223474771933e-01
   4.43421239217929e-01
   4.64511591457688e-01
   3.85487366543110e-01
   3.69120399833723e-01
   3.56129264069932e-01
   2.79773421025247e-01
   2.50258187679968e-01
   2.39243235738887e-01
   2.30240884640310e-01
   2.21368756743859e-01
   2.13047886270210e-01
   2.05345303015139e-01
   1.98221133060648e-01
   1.91682273033619e-01
   1.85728146562454e-01
   1.80327336321524e-01
   1.75412755775200e-01
   1.70895641549609e-01
   2.20402476093973e-01
   2.94557667827602e-01
   2.51575098344084e-01
   4.40967510815060e-01
   4.93752419758003e-01
   7.31111667782904e-01
   4.15862664986367e-01
   3.75433687563361e-01
   3.52516415473192e-01
   3.33571386465657e-01
   2.68698402938308e-01
   2.84873557611450e-01
   2.22669064178222e-01
   6.16426343643236e-01
   5.23390916133284e-01
   3.92211547337523e-01
   4.19810172559919e-01
   4.65146895467322e-01
   2.85347303810938e-01
   5.14486122446396e-01
   5.22791585960424e-01
   3.68856181192558e-01
   3.07682877150872e-01
   2.25282565639137e-01
   7.37614871091979e-01
   3.88089886612860e-01
   3.18449338974945e-01
   1.83286269197873e-01
   3.72014796649523e-01
   4.37550286351069e-01
   2.48516120681006e-01
   4.86762127777508e-01
   3.46581451452601e-01
   2.88907784148082e-01
   2.71578650509083e-01
   2.47032342753315e-01
   5.49743858940616e-01
   4.91290372575894e-01
   3.88685284531768e-01
   3.33622970279457e-01
   2.88492011979486e-01
   2.49702346245979e-01
   2.33008030917898e-01
   2.20634274394178e-01
   2.09698907998660e-01
   2.11089764823011e-01
   1.91114596830771e-01
   2.95349487370240e-01
   3.09042371741693e-01
   2.08397235008634e-01
   2.15949012470339e-01
   2.07664065031404e-01
   1.96676858332065e-01
   1.90342561118302e-01
   1.83487865574202e-01
   1.54245918168919e-01
   3.09238626756961e-01
   1.64048937870898e-01
   1.54381938682569e-01
   1.55643868934952e-01
   1.33046190191997e-01
   1.08416279099129e-01
   9.32299084955447e-02
   8.69596338130740e-02
   1.14622083396823e-01
   3.55515594513453e-01
   1.71646885927239e-01
   3.95202123222903e-01
   4.86239441338968e-01
   3.65283615433428e-01
   2.26671054729801e-01
   1.23413975012424e-01
   9.49631402450228e-02
   8.73188032995602e-02
   8.10318739451597e-02
   7.73073677077777e-02
   7.39963374764361e-02
   7.13078436058872e-02
   6.92564312745778e-02
   6.75325413979942e-02
   6.60549434287160e-02
   6.46180829612406e-02
   6.32219302729215e-02
   6.19868393496032e-02
   8.66775012468101e-02
   3.62181740860318e-01
   4.07643978824890e-01
   2.14817473756167e-01
   1.57596258687259e-01
   1.33427872776098e-01
   1.09986028887939e-01
   9.10458018487151e-02
   8.30774719549547e-02
   7.88324408099999e-02
   7.29853506802189e-02
   6.91402449624802e-02
   6.63790376786840e-02
   6.62384680873635e-02
   6.26981734203298e-02
   6.26317108543571e-02
   5.98315966773488e-02
   5.83559613905002e-02
   5.77228752522071e-02
   5.57529216795683e-02
   5.49602003402853e-02
   5.28203276946124e-02
   5.19513701418173e-02
   5.06225048016876e-02
   4.98603730693292e-02
   4.88822729041145e-02
   4.80612225136731e-02
   4.72056095823886e-02
   4.63018286427339e-02
   4.53222795380160e-02
   4.43449026105473e-02
   4.33890743160119e-02
   4.24020875522569e-02
   4.15301004302333e-02
   4.09991838130823e-02
   4.04131178147894e-02
   4.00109390198083e-02
   3.98364130883264e-02
   3.87455142767770e-02
   3.95074002091664e-02
   3.92257050251618e-02
   3.79778699351340e-02
   3.76097245872197e-02
   3.73346186378830e-02
   3.64851510287981e-02
   3.58065463650092e-02
   3.61691564012433e-02
   3.56464693227612e-02
   3.45702522802205e-02
   3.47900282682923e-02
   3.45888741681141e-02
   3.34303030608302e-02
   3.33628428647177e-02
   3.32323757981601e-02
   3.22258667542114e-02
   3.18440646142612e-02
   3.17366169287441e-02
   3.10144342682239e-02
   3.06582610374538e-02
   3.04839418948484e-02
   3.04636008250786e-02
   2.97054264145632e-02
   2.93815787667285e-02
   2.92277069407331e-02
   2.92545645516647e-02
   2.85307223076988e-02
   2.82483891718361e-02
   2.83378308174894e-02
   2.84616315034426e-02
   2.74822231747002e-02
   2.73129572378551e-02
   2.74235929990510e-02
   2.66822794537046e-02
   2.64773789663461e-02
   2.64334154299065e-02
   2.65901608580115e-02
   2.57715436880385e-02
   2.55040286854087e-02
   2.54526381326203e-02
   2.53372786219866e-02
   2.55251377463400e-02
   2.47364781613980e-02
   2.44837264196973e-02
   2.44764570954744e-02
   2.42954133359646e-02
   2.45029778902453e-02
   2.37753393594412e-02
   2.35439905392091e-02
   2.35438938451083e-02
   2.33202430773393e-02
   2.35118575430568e-02
   2.28831946748666e-02
   2.26847540690106e-02
   2.26224832998366e-02
   2.23939625248845e-02
   2.24307277177742e-02
   2.20874554712599e-02
   2.21187245840455e-02
   2.18103173340960e-02
   2.19639884765641e-02
   2.14759445625938e-02
   2.13947638274138e-02
   2.12111071599091e-02
   2.12494100237637e-02
   2.09318527593742e-02
   2.08899602796749e-02
   2.06812383046981e-02
   2.07977337593096e-02
   2.04165250506101e-02
   2.03269691128808e-02
   2.02118104073543e-02
   2.00100855593647e-02
   2.00127135519948e-02
   1.97710592413776e-02
   1.97593112455790e-02
   1.95268973697752e-02
   1.95023684280149e-02
   1.92997998223018e-02
   1.92374544042961e-02
   1.91287903207608e-02
   1.89668214473067e-02
   1.89769569594605e-02
   1.87550053630591e-02
   1.87421666693218e-02
   1.87055137974351e-02
   1.85298574382085e-02
   1.86182437219309e-02
   1.87546438097084e-02
   1.82293664072499e-02
   1.83636510489568e-02
   1.85051873702535e-02
   1.79981520577756e-02
   1.78673231507919e-02
   1.80162577053761e-02
   1.76735025750752e-02
   1.76937967661915e-02
   1.78769330321785e-02
   1.74070152725685e-02
   1.73131961016666e-02
   1.74699290018899e-02
   1.71482699406741e-02
   1.71153879465842e-02
   1.72878350422720e-02
   1.68800762662066e-02
   1.67986753499276e-02
   1.69497507876107e-02
   1.66390253323988e-02
   1.65884507915615e-02
   1.67478200269157e-02
   1.63905928567601e-02
   1.63108295003388e-02
   1.64513486204804e-02
   1.61575735581326e-02
   1.61034858050411e-02
   1.62524866219226e-02
   1.59287841138439e-02
   1.58462483940608e-02
   1.59741785597729e-02
   1.57033537046188e-02
   1.56529920048835e-02
   1.57951822613235e-02
   1.54920117852087e-02
   1.54029982922185e-02
   1.55158094750442e-02
   1.52727627665646e-02
   1.52335167514564e-02
   1.53736958827749e-02
   1.50792096761329e-02
   1.49776559941266e-02
   1.50694448282381e-02
   1.48605456096922e-02
   1.48448537215723e-02
   1.49899020672155e-02
   1.46898988617573e-02
   1.45665963971945e-02
   1.46246222938362e-02
   1.44574404352269e-02
   1.44844473075220e-02
   1.46401666806816e-02
   1.43243353896836e-02
   1.41754938775261e-02
   1.41876616120490e-02
   1.40545048761291e-02
   1.41117095065027e-02
   1.42720012059978e-02
   1.39826639362626e-02
   1.38277582457827e-02
   1.38216297400206e-02
   1.36962342177227e-02
   1.37556273734369e-02
   1.39140493987724e-02
   1.36464336347930e-02
   1.34922490791490e-02
   1.34812577724369e-02
   1.33622812356845e-02
   1.34228914995286e-02
   1.35824569390527e-02
   1.33425340585134e-02
   1.31865230330671e-02
   1.31530478973636e-02
   1.30468518281065e-02
   1.31418235156705e-02
   1.32941265059005e-02
   1.30678930934637e-02
   1.29179734716810e-02
   1.27965475951931e-02
   1.27120955377073e-02
   1.27483801427268e-02
   1.28673400436532e-02
   1.27787333549089e-02
   1.26643651444849e-02
   1.26196749151241e-02
   1.24537514447027e-02
   1.25790424052839e-02
   1.27408041862937e-02
   1.24600513632172e-02
   1.23047012800488e-02
   1.22175705429440e-02
   1.21472856979466e-02
   1.22108313067801e-02
   1.20954830788653e-02
   1.22778134458462e-02
   1.23824857964356e-02
   1.20837188431323e-02
   1.19447267203926e-02
   1.18691060252352e-02
   1.17957636229257e-02
   1.18635037392037e-02
   1.17556854171733e-02
   1.19416472751363e-02
   1.20288992559901e-02
   1.17373423135704e-02
   1.16301123859731e-02
   1.15113476547302e-02
   1.14562810482341e-02
   1.14443187974028e-02
   1.13810725646991e-02
   1.13632225778126e-02
   1.14226969143335e-02
   1.14394710326665e-02
   1.14748441607672e-02
   1.15727264054333e-02
   1.13035436763795e-02
   1.12275955941632e-02
   1.12022022097458e-02
   1.10801596379389e-02
   1.12142810138902e-02
   1.13667115415108e-02
   1.10829002054228e-02
   1.09690060131115e-02
   1.08575267394394e-02
   1.08559150523193e-02
   1.09485146198901e-02
   1.09334295872452e-02
   1.08527324849100e-02
   1.08275433153335e-02
   1.06652368414815e-02
   1.07717850975228e-02
   1.09507638753445e-02
   1.06945245523726e-02
   1.05587296462427e-02
   1.05029481379239e-02
