   3.68799667536010e-01   2.69521022600394e-01   4.19631472249134e-01  -6.40394883011546e-02   5.37291781375423e-01   1.91172410997909e-01   5.39113659489287e-01   5.16787881389601e-01   5.17562012609622e-01  -1.13563260773504e+00  -2.13366271902745e-03   1.07135803198309e+00  -4.97032775029071e-01   1.44524489710446e-01  -1.21735663364477e+00   1.29843829453220e+00  -3.35370228419000e-01
   4.12003655065530e-02   1.15024887571657e-01   5.88832715774105e-02   1.77792042508443e-01   4.29895930701840e-01  -1.37883724078967e-01  -3.25387933131914e-01   1.73529312758502e-01   9.40136424230120e-02   3.39805967129159e-01   4.29934326537505e-03   1.16064802357218e-01  -3.31717292929492e-01   1.73661032272964e-01   3.99222578826568e-01   3.77798992171001e-01   1.66695172244740e-01
   9.21024011676755e-01   5.32946641187885e-01   5.25756616709592e-01  -3.03786329509662e-02   2.52975934398364e-01   9.54245529548585e-01   3.00431129352758e-01   4.35755268727257e-01   8.65535650423156e-01   1.12567768132785e-01   9.82322105343087e-03   1.14546875593169e+00   2.66725074260809e+00   1.41188856949362e-01  -1.45898750339548e+00   8.09191725360649e-01  -4.88135983635121e-01
   4.09291841946969e-01   4.22406467296593e-01   3.92549075560132e-01   2.83784672373891e-01   2.17886970696149e-01   3.68553504186337e-01   1.18352053027223e-01   4.58042912197008e-01   4.28750870148142e-01   3.68556787500513e-01   5.97349746641192e-03   3.05672557566455e-01   1.91311408243621e-01   3.66213211560983e-01  -5.41901565024164e-01   2.50900277892417e-01   2.38192835321126e-01
  -1.31083436851041e-01  -1.15060845075277e-01  -1.10144755041669e-01  -2.10663032267628e-01  -2.51935799805138e-01  -7.60366173403469e-02   1.79233937773494e-01  -2.74387291426169e-01  -1.00441556722152e-01  -9.98380948595951e-01   9.29752771595600e-03  -9.32297929356726e-02   2.34296892070881e-01  -2.30732987966025e-01   3.67661856034296e-01  -2.83214823668886e-02  -2.28467138574299e-01
  -3.44250620654804e-01   3.44974582398257e-02  -5.20652210334392e-01   1.11880598744120e-01  -7.25354520078846e-01   6.81687293408633e-01  -9.21789121927344e-01  -5.71737925153605e-01  -5.33189742629334e-01   1.22341659787644e+00   7.72682131380259e-03  -1.77106230134259e+00   6.99889712450359e-01  -2.16144022851528e-01   1.39839731227256e+00  -2.00127024867509e+00   8.40587491162205e-01
  -4.43860971445368e-01  -1.61642122632921e-01  -6.18869453593227e-01  -1.73613220106215e-01  -4.64167440637354e-01  -1.12245430068320e+00  -8.46078251423358e-01  -4.62591717958805e-01  -3.36981816276872e-01   7.91146586842207e-01  -2.12899179938392e-02  -9.92337673234170e-02  -7.57479574400024e-01  -2.01382217327902e-01   5.79558741098248e-01  -8.51664058028696e-02  -1.79383569454975e-01
   7.18460676964855e-01  -2.79247901174789e-01   8.96356445918735e-01   2.21648867151716e-01   7.50697858773751e-01   6.27953990171249e-01   1.59182424354953e+00   1.72366934446765e-01   3.37011569706277e-01  -1.15612760225327e+00  -2.11170237263696e-03  -5.89495821152174e-01   9.78693320078148e-01   1.35057966045834e-01   1.68678646397287e-01   5.17882551222651e-01   1.03576935865713e-01
   3.50744395687478e-01   4.83908620937348e-01   2.58633132632672e-01  -3.75860444121535e-02   4.71051007411879e-01   2.58621888064179e-01   1.16912356198859e-01   6.15791056979577e-01   4.65400140011497e-01  -1.73383831260996e+00   1.23032214433417e-02   1.38952928571492e+00  -4.56956588223719e-01   2.03320497296565e-01  -1.10889240733067e+00   9.64347355494017e-01  -1.95651707088390e-01
  -4.35629403970525e-01  -3.17094106357892e-01  -4.26598241749368e-01  -3.81981828326950e-01  -3.04095152092906e-01  -5.42711519309765e-01  -3.52038862124250e-01  -4.35072539555495e-01  -3.65240445112244e-01  -2.04490095721964e-02   1.47617543710288e-03  -4.30026323714026e-01  -4.25161649073902e-01  -4.27990786510161e-01   3.43297669005367e-01  -1.77436971935759e-01  -3.72078453413321e-01
  -4.74565259838345e-01  -3.46075989227575e-01  -4.37486929230644e-01  -1.79026428680951e-01  -1.91690251839984e-01  -8.42880375964691e-01  -3.30085985889160e-01  -6.31700064719327e-01  -4.09444505397101e-01  -7.98806638025154e-01   9.50615877230133e-03  -1.44972812467830e+00  -7.17387333590129e-01  -3.53699685612265e-01   1.01187791172848e+00  -9.78610591686528e-01   1.28257365100878e-01
   1.25895339502030e-01   8.47783344134063e-02   6.53051463285880e-02   2.09298004271769e-01   3.61698060209197e-01   3.51758440963667e-02  -1.40776457680429e-01   2.11341360469748e-01   7.17468547652959e-02   9.45581199158643e-01   1.93803618619257e-02   9.53851281929722e-02  -1.21383069887670e-01   2.46165778290573e-01  -3.99820720015559e-01   7.18164091772669e-02   2.61106149080344e-01
  -3.40779083094656e-01  -1.61181505303611e-01  -5.13907802302885e-01  -2.06028308006857e-01  -6.13355198000639e-01  -4.50447858455797e-01  -3.70358853781598e-01  -2.90281860689670e-01  -3.04910365103678e-01   1.02501721386682e+00   4.71552637220837e-03  -1.05556996759062e-01  -3.67731328217167e-01  -2.37819464977054e-01  -2.32272574855831e-01  -2.08542507981970e-01  -1.69694084605677e-01
   4.26855457814796e-01   3.24543052549523e-01   4.38782207893574e-01   3.66333414456607e-01   3.09210662727090e-01   4.96114314773476e-01   2.55710312508926e-01   4.75171047543721e-01   3.65896723734059e-01   1.90755060841753e-02  -6.20400633293839e-03   3.36540445206613e-01   3.85609485838890e-01   4.13124733813495e-01  -2.75119380231328e-01   1.65764875954772e-01   3.52534548763286e-01
  -1.13859540802016e+00   6.97600236697443e-01  -1.21617165917086e+00  -1.60937252785802e-01  -4.37839092922985e-01  -5.40745284355393e-01  -1.01484898374015e+00   9.35155705995644e-02  -5.58416636768748e-01   1.35158610904444e+00   1.42939052786029e-02   1.46112894083277e+00  -1.72598197600483e+00  -4.48970189449016e-03   7.40069700996010e-01   8.36025360325660e-02   1.51775959713001e-01
   4.58641853950336e-01   4.76429616267464e-01   4.54176096375932e-01   3.11317252359225e-01   2.77809001293570e-01   5.42654331490059e-01   2.13317396412196e-01   5.35089794034165e-01   4.82105358601653e-01   2.05651864582323e-01  -3.07617942491655e-03   3.92154184829336e-01   3.81940871543497e-01   3.91733706557074e-01  -9.10463699100533e-01   2.15440454381674e-01   1.67644557747806e-01
  -8.27564552913252e-01   3.44195320795199e-01  -1.15282913912472e+00  -2.32530171827942e-01  -6.02817094872769e-01  -5.74221557372480e-01  -2.36956995393677e+00  -3.32872696924382e-01  -6.91019814285795e-01   1.02695054829766e+00   1.11685512874552e-04   1.76573101454410e+00  -6.93976034233752e-01  -3.47042025441165e-02   2.24538892066750e-01   4.15035606633861e-01   3.35894469361043e-02
  -9.96197088144763e-01   6.04904666489505e-01  -9.51419286409663e-01  -4.27983410338603e-03  -1.30683819615541e+00  -2.55948588812360e-01  -1.25757703478272e+00   9.97021937370891e-02  -1.25678595295459e-01   1.32892341361586e+00  -7.65983022770899e-03   8.51609213274568e-02  -1.80177785311217e+00  -4.22469418064773e-02   7.68730845094335e-01   5.36537748131504e-01   3.50818375566885e-01
   2.53661335597829e-01   9.72648046168862e-02   3.14919932745508e-01   2.14630478046235e-01   4.36572615312203e-01   4.81892646829230e-01   2.55893067332693e-01   2.62823806298725e-01   1.33772406148157e-01  -5.15963507569396e-01   1.81021903359715e-03  -1.71815150560906e-02   2.97630058900862e-01   2.44139294647333e-01  -4.77285893429310e-01  -2.57186010278878e-01   2.01479471437060e-01
  -3.93515367391366e-01   5.80272604621561e-02  -6.70797921106533e-01   3.33308366541926e-02  -4.69217834990202e-01  -1.47750427520001e+00  -3.14207086507953e-01  -2.54233626034885e-01  -1.73078956279726e-01   6.05416102210350e-01   4.33782078540142e-04   2.79696279214095e-01  -1.18543759454293e+00   5.12890516026473e-03   1.50184419398653e-01  -8.14211822285168e-01   1.06720783166091e-01
  -3.54197189402481e-01  -2.78463162700544e-02  -4.63622374671971e-01  -2.30143327175050e-01  -9.07738079258742e-01  -4.23791860996700e-01  -5.87687436497377e-01  -3.00254961436751e-01  -1.87517571728430e-01   8.98858476172349e-01  -3.55422320595997e-03  -1.03078606262510e-02  -3.01759977118872e-01  -2.52558565572092e-01   2.08741121385256e-01  -2.17362344272795e-01  -2.36673694269845e-01
  -4.60716591004889e-01  -8.79471925750724e-01  -2.16479826703468e-01  -8.81172019832870e-02   9.02688184915142e-02  -1.64244673173776e-01  -2.98012383752718e-01  -4.45058560359886e-01  -7.02592219891647e-01  -3.64296221073181e-01   9.65986989020807e-03  -7.94492715510093e-01  -9.26555907635574e-01  -2.73524733097402e-01   1.22936726644868e+00  -7.81644757454524e-01  -5.21082610997812e-03
  -3.02062697991470e-01  -1.50180956312157e-01  -4.27646582768021e-01  -1.87301132694639e-01  -4.33022742902076e-01  -4.19927608641765e-01  -2.43485847477863e-01  -3.04771196927163e-01  -2.23039950536870e-01   9.71308762769786e-01  -5.86750171208175e-03  -5.90259872953644e-03  -3.02733199174287e-01  -2.44336737346280e-01  -3.77478962276732e-01  -9.84276896262276e-02  -1.93760523058018e-01
  -3.85162864300937e-01  -1.14348761227839e-01  -5.20081321120514e-01  -2.12456301150987e-01  -8.41010297524581e-01  -5.81746185588296e-01  -8.47023141165580e-01  -3.34090234708076e-01  -3.16692977673344e-01   1.10288265320340e+00  -5.01345738456263e-03  -9.91758918293264e-02  -4.89381474045826e-01  -2.16184039711121e-01   2.46292842826629e-01  -1.53396834483379e-01  -2.01102904242119e-01
  -6.94973309783565e-01   1.15676065666268e-01  -7.48903200972017e-01  -1.52573819999535e-01  -2.44622818589762e-01   5.11276030928707e-01  -5.29804635701757e-01  -2.11437710102607e-01  -9.29442064244376e-01   1.06985117000267e+00  -1.08706819868428e-02   8.78687873353126e-01  -2.72239242177083e-01  -1.22187713793971e-01   3.52361347521497e-01  -1.65140644805228e+00  -4.97441525207213e-02
  -5.23334469180158e-01  -5.53187844003125e-01  -4.78606389550840e-01  -3.17167406724101e-01  -1.83714922896258e-01  -6.03167963191468e-01  -3.10699196604644e-01  -5.55375778619744e-01  -5.67608509436949e-01  -1.23821778037530e-01   1.87099084925620e-03  -4.39738449875588e-01  -4.36131863582532e-01  -4.05615710327861e-01   9.29640056054810e-01  -4.36971086645919e-01  -1.21377173288568e-01
  -4.86970654783035e-01  -3.64025604860426e-02  -4.90291490023686e-01  -1.62185528585760e-01  -6.98347108768216e-01  -8.19224851748362e-01  -1.13748422344697e+00  -3.45037595253215e-01  -1.43544642224729e-01   2.70543922022052e+00   2.12918044586590e-02  -4.23789007585741e-01   2.90381556264476e-01  -2.29716875410596e-01   6.96145662709959e-01  -3.25356132728840e-01  -4.93621794735617e-02
  -5.72766060531574e-02  -9.15272722531839e-02  -7.84809928525714e-02  -6.81072921692450e-03  -3.67760310744836e-01  -1.65360419089629e-01  -3.22102285629252e-01  -5.62801980199946e-02  -1.19519346102963e-01   8.18568114305711e-02  -7.44871112067132e-03  -2.00325571647048e-01  -8.84831318963554e-02  -1.31001435591784e-02   1.95292567970354e-01  -4.33785101502424e-02   2.90451828265478e-02
  -7.41769087925484e-01  -7.72187134122949e-02  -8.96470418597341e-01   7.95255783773466e-02  -4.19321135491636e-01  -1.60192989520197e+00  -4.82885247285046e-01  -3.75156148325177e-01  -5.65111868850475e-01   3.54730153198909e-01  -9.42650950722953e-03   4.28124603348144e-01  -2.09774432690061e+00   8.04436463794977e-02   7.77029297094225e-01   3.86484293526786e-01   6.06710793754239e-02
   3.19712545623637e-01   3.37161922726792e-01   1.81203998074683e-01   3.06206010120277e-01   5.91668674157534e-01  -2.33461863420555e-03   3.63356398611161e-01   3.89804296779855e-01   3.16237458421625e-01  -4.10450254772402e-01  -1.23350893851519e-02   5.02402893842436e-01  -1.76087174608265e-01   3.14103904824208e-01   3.24272673620497e-02   8.71202201591457e-01   1.87178719947800e-01
   3.62997094624316e-01   4.54907297594217e-02   5.41653665437678e-01   2.33832360731213e-01   6.06814382843063e-01   4.84999793625895e-01   5.23983717440498e-01   3.16478150565159e-01   2.32676956914695e-01  -9.94050233610939e-01   1.19479598902305e-02   5.52312158897023e-03   4.12255205762758e-01   2.49145583868524e-01   4.58670290484923e-01   2.28157885822421e-01   2.21572642163538e-01
   3.51921442931651e-01   1.13139528067373e-01   5.05229308735666e-01   2.26763968238333e-01   5.72359499371816e-01   4.71961573936332e-01   4.25729650303707e-01   3.34254480954385e-01   2.27326575553948e-01  -9.58813424806688e-01   5.46004364815505e-03  -1.28535184809966e-02   4.31764055930550e-01   2.53358731477482e-01   6.00529419806553e-02   2.41360988093618e-01   2.12625473878750e-01
   1.61496261295398e-02  -1.41864066488813e-01   7.21515558081986e-01   4.95592556231923e-02   6.73783968112128e-01  -1.53957187152046e+00   2.36025185391794e+00   6.70824601857258e-01   2.76096077483084e-01  -1.84585338249935e+00   3.95507270967711e-03   8.40223367640975e-01  -6.13865757630899e-01   2.02300193737340e-01   8.22615917020253e-02   2.93993380204818e+00  -2.41581173328728e-01
  -5.26214780179167e-02  -2.11335072488333e-01   2.83086329778847e-02  -7.24878799436817e-02   8.69053650780376e-02  -3.35501092010021e-01   1.30862992240689e+00  -2.13508547256466e-01  -6.09187130018305e-02   2.26997671839927e-01  -1.27582720603673e-02   1.87869889830915e-01   2.62211022478846e-01  -1.08786545072243e-01  -1.92063551057391e-01   5.66033101593035e-01  -1.34332609311840e-01
  -4.54146014614055e-01  -1.95569631225446e-01  -5.98605846001044e-01  -2.66949773582858e-01  -6.08708381296334e-01  -7.03283004691612e-01  -6.47033034292688e-01  -3.87947047697130e-01  -3.55815876072274e-01   1.04138413332242e+00  -7.71364529781359e-03  -1.55805456517084e-01  -5.77876815201993e-01  -2.38652012906142e-01   1.18673984979849e-01  -9.93196032401572e-02  -2.45291230539323e-01
  -5.28993931113464e-01  -4.80201375039796e-01  -6.88862414339951e-01  -1.41976147496040e-01  -2.82133010505612e-01  -6.29224840934625e-01   5.21911271338672e-02  -7.70984296179290e-01  -3.72251986668899e-01  -9.73425720136773e-01  -7.49690044084972e-03  -3.14685306442422e-01  -1.01878649192190e+00  -2.88952822009601e-01   9.22016272981823e-01  -2.66974966818519e+00  -1.49016827634492e-01
  -3.73529865682299e-01   1.01556244411549e-01  -8.12953441323634e-01  -9.81835119282952e-02  -2.18730564376654e-01  -5.30986061669636e-01  -2.69082182839003e+00  -3.10162328478356e-01  -3.28896308183741e-01   1.05365023064643e+00  -6.38635774536720e-03   8.17463342984578e-01  -6.20354155521995e-01   1.18684776711007e-01  -5.25369985263460e-01   1.38376399172694e+00   1.21607230888189e-01
  -3.40243304652085e-01   4.34535467136318e-03  -5.54571064304436e-01  -2.46505767080630e-01  -4.93664313120047e-01  -4.29451750228500e-01  -7.56070513713549e-01  -2.87197685077236e-01  -2.47485613782864e-01   1.11250005429861e+00  -1.55937561984215e-02  -1.18744478519431e-01  -3.65417881952035e-01  -2.33145612237128e-01  -2.25083824017154e-01  -2.73183495160288e-01  -2.23398817232457e-01
   6.61859353770790e-02   1.21223383760694e-01   7.09021890330719e-03   9.60319561097003e-02   4.67653543985104e-01  -2.29823685054945e-02  -1.21694154908738e-01   1.46701644623096e-01   1.02341509493773e-01   9.75776539574847e-01  -5.12392876604515e-03   5.49247757069878e-02  -2.36583922840228e-01   1.20583990377576e-01   1.99994175413867e-01  -9.58848175154945e-02   1.18036153810744e-01
   5.84652854827243e-01  -3.81410599887150e-01   9.05832485591361e-01   1.59176092437630e-01   4.07599244765236e-01   1.33762572816028e+00   1.52325924701032e+00   3.27558634193674e-01   3.46827351624372e-01  -9.45147327059451e-01  -1.24755130613275e-02  -4.24895310206132e-01   1.22274919486725e+00   1.16678844005389e-01  -5.83016124843144e-01  -3.71727440620943e-01   1.04082936137975e-01
  -4.57968813318596e-01   1.96909037093478e-01  -8.00670444693744e-01  -1.82338399166239e-01  -3.24529043733160e-01  -6.92266449312987e-01  -1.77904585106554e+00  -4.26310456418004e-01  -4.26506805681166e-01   9.37755484207328e-01   1.23761185591733e-02   7.70778112089081e-01  -6.20850516732592e-01  -1.51566994293019e-02   8.96148710746939e-02   2.22283728498713e-01  -1.79542560089522e-02
  -4.28153608404020e-01  -6.09260105888156e-01  -7.92651437479152e-01  -1.35571584536165e-01  -1.88267186431215e-01  -5.09372721301074e-01  -6.33069194524206e-02  -7.24603366138944e-01  -4.46551244412377e-01  -1.09780756359432e+00  -1.64215205769578e-02  -2.34558320200037e-01  -7.06794227073380e-01  -2.94076067044111e-01   7.29878003989325e-01  -2.50621590188127e+00  -9.38585953197271e-02
   1.43262674963435e-01   1.22005952501791e-01   1.24491062506035e-01   1.65033850728302e-01   1.97378295692677e-01   9.01325403223115e-02  -1.41150247971123e-01   2.07966249976103e-01   1.25808824395653e-01   9.80095329755199e-01  -9.35882823765835e-03   9.97792387594758e-02  -2.54156429549756e-01   2.01824203900291e-01  -2.49902328311400e-01   2.90515370166066e-02   1.85977396240275e-01
   9.11947351215306e-01   6.04068469804938e-01   4.92274415416499e-01   7.71655594999919e-02   2.34170889265381e-01   1.37133557802175e+00   9.32966699637356e-01   6.63766033788670e-01   8.04183734982527e-01   3.96503443037363e-01  -1.35325638761844e-02   9.58061029951595e-01   2.90383249216580e+00   1.83545607477127e-01  -6.92330715573555e-01  -1.43427756939729e+00   3.11581728967765e-02
   5.21105559971088e-01   9.99843928645275e-01   4.97622431440275e-01   1.42900232818047e-01  -1.01293353597464e+00  -2.52499018797088e-02  -1.39252003731164e-01   3.53029458101094e-01   6.30872641007201e-01   9.81067552503522e-01  -5.64204944021096e-03  -1.53549986948850e+00  -9.05863239019556e-01   7.68178615925339e-02  -1.66769862726696e-01   1.06741011199393e+00   8.64807393851959e-01
   4.57986044423881e-01   5.13911894769626e-01   4.49682811315702e-01   2.69586324855930e-01   2.42368167269492e-01   5.85662073027926e-01   2.52891232284623e-01   4.96957837304277e-01   5.16154385490924e-01   1.42193893322342e-01   2.94999182286196e-03   3.62180790283900e-01   4.46300683484801e-01   3.49052461130814e-01  -8.21203682008998e-01   4.19511638604102e-01   1.82102292444567e-01
  -2.80328074046811e-01  -2.04886461601359e-01  -3.44187677871344e-01  -2.17979530772103e-01  -1.18004938175920e-01  -4.63213359771246e-01  -2.93576004515644e-01  -2.66128072782314e-01  -2.48140475648041e-01   9.15587848504110e-01   7.79022677785561e-03  -5.86866134355701e-02  -4.18891258872877e-01  -2.29466662321213e-01  -2.76108433938963e-01   2.69268679787698e-01  -2.07675148914747e-01
   4.68293657314161e-01   4.44574707126097e-01   4.01710787170797e-01   3.94630511285837e-01   7.38975333303994e-02   3.13563256359439e-01   1.86842139536793e-01   4.80443669570771e-01   4.54699068694593e-01  -6.97323171024340e-01  -1.55861868171022e-02   3.46698275824155e-01   9.30108101944227e-02   4.24384372987172e-01  -1.13416178436158e-01   2.57684008914489e-01   3.24597652301716e-01
   1.13270080639100e+00  -7.59224494483971e-01   1.51599264686917e+00   1.71110154113362e-01  -5.81737672227563e-01  -9.33994952171653e-02   2.37825918111169e+00   1.41744026463563e-02   9.49101594811998e-01  -1.07715011444654e+00   2.04883043615172e-03  -2.59352465275500e+00   8.46070845271271e-01  -3.23438751117487e-02   3.26318836597366e-01   1.02313224582098e+00  -8.56587354611255e-02
  -1.09749114099468e-01   1.70827229620295e-01   2.31189873064300e-01   1.09103169743947e-01   3.94301371544368e-01  -1.40126196737186e+00   1.59056853414687e+00   6.10360185242662e-01   4.24370997964880e-01  -1.81127682413365e+00   3.42055184891483e-03   7.97785810259408e-01  -1.36413669627043e+00   2.54750630026834e-01  -1.75676578319126e-01   2.31228197661676e+00   1.16086661625837e-01
