  -2.84474242086868e-01
   4.41661187894183e-03
  -8.70554977744231e-02
   1.55973964607098e-03
   9.18947783272389e-02
  -1.50944751714054e-01
   1.11773030677836e-01
  -2.25313208229554e-02
   1.19983794384695e-01
  -5.40426379994085e-02
   9.23259721285500e-02
   2.15686490696264e-01
   9.98919228784800e-02
   1.74098307810228e-01
  -6.23207318442521e-02
   9.72684590965129e-04
   1.30009624521814e-01
   1.49776601087687e-01
  -3.64247328557988e-01
   1.55445445188567e-02
  -2.59503748786635e-02
   4.70610419950508e-02
   4.34948939468327e-02
   9.18257873661338e-02
  -1.68984325891485e-01
  -1.51739116891602e-01
  -1.18445252175503e-01
  -1.27687873350967e-01
   1.51849749800752e-01
  -5.00120292178763e-02
   1.81614803108025e-02
   1.06423819252059e-01
   9.92230091036770e-03
   4.87830105168710e-02
   9.72084437807993e-02
  -1.14775035290611e-01
  -1.33642701546920e-01
  -1.28663927854785e-01
   1.58466772946490e-01
   1.12668199684713e-01
  -4.16780262141250e-02
  -9.79645780685265e-02
  -2.89057707860608e-01
   1.66976507517888e-01
   1.38269064023329e-01
  -2.26919063697753e-01
   1.38312050593483e-01
   1.89405544129073e-01
   1.71716986212321e-01
  -8.52442186472225e-03
