  -2.12420619848722e-01
   1.71809924446005e-01
  -1.16185664171607e-01
   1.97189017212040e-01
  -3.10183744066927e-01
  -3.36562134407477e-02
  -1.12524757207805e-01
   6.34713864463056e-02
  -3.86004077778390e-02
  -6.63227355574682e-02
   2.00423973332509e-01
  -1.59045832896708e-01
  -1.47446480978036e-01
   2.63172051055538e-01
  -1.45663277389067e-01
   2.96224318028935e-01
   1.68849994496139e-01
   2.08976882085731e-01
   7.46032471853418e-02
  -2.47964206472550e-01
   2.25035037919666e-01
  -2.68929183702388e-01
  -4.78072388165423e-02
   1.13786908701619e-01
  -1.67981868610839e-01
   2.86382154504453e-01
  -4.00052445404583e-03
   1.55979634474505e-01
   5.17955590356737e-02
   9.53762245457078e-02
   1.39137480646234e-01
   2.43328778780322e-01
   1.96098016165747e-01
  -6.93505653928746e-02
  -2.51853656693260e-01
   1.09331043650952e-01
   1.94867510151575e-01
   5.17218267571503e-02
  -7.80070373754951e-02
   3.62552186801161e-03
  -1.25633990705549e-02
   1.31342930187507e-01
  -1.60965360677857e-01
   1.71089273669009e-02
  -3.09961611077494e-01
   1.94084222046017e-01
  -1.71773794977612e-02
   3.72720215047766e-01
  -1.01902163665200e-01
  -3.44689637921219e-01
