  -7.80821590265258e-02
   1.20183125370716e-01
   9.11953195398587e-02
   1.15229192777829e-01
   2.84374851553397e-01
  -1.13415229848876e-01
  -5.81431989770605e-02
   9.39626239111867e-02
  -7.48771236964592e-02
  -1.07112234530280e-02
   8.28080918603542e-02
  -7.60364939503864e-03
   1.02340564728427e-01
   1.99673631038607e-01
   3.26893903996574e-01
  -7.67906108673355e-02
   7.32824830916661e-02
  -2.84356393771507e-01
   9.32095381203623e-02
  -1.02040124346048e-01
   5.94438657357341e-02
  -2.44343216721795e-01
   5.22095048585677e-02
  -7.16483152916991e-02
  -1.03215136525128e-01
   8.60300183850156e-02
   9.27384146483812e-02
   1.00726780435797e-01
   1.97092653475514e-01
  -1.03310035007905e-01
  -6.72726619930897e-02
   8.04654569604929e-02
  -5.20672649459380e-02
   3.01888553037387e-03
   8.90969529313866e-02
   9.32722628711530e-02
  -1.13928808757963e-01
   3.89533428167003e-02
  -8.04046517696150e-02
   8.42362526766538e-02
  -1.13216626478769e-01
   2.07993237033322e-01
  -3.97408186224339e-01
   1.67349632462347e-01
   6.74092299780997e-02
   1.00637530522256e-01
  -1.53267019096377e-01
  -1.06688890755827e-01
   5.12123852784332e-03
   8.34672824310991e-02
