   2.62232578873493e+00
   3.20184128269360e+00
   2.98133462060517e+00
   2.47198816017763e+00
   2.39185277552361e+00
   2.09172743146863e+00
   2.22849885861260e+00
   1.88233491460835e+00
   2.55110658790757e+00
   1.79311021010369e+00
   1.53200307228018e+00
   1.45176204139611e+00
   1.38845041931128e+00
   1.33748668673779e+00
   1.29661823870362e+00
   1.26320064241778e+00
   1.23518921773970e+00
   1.21116601013514e+00
   1.19015902801347e+00
   1.17146417699700e+00
   1.15453628973725e+00
   1.13893541437371e+00
   1.26757804113675e+00
   1.47274044764708e+00
   1.39986986665350e+00
   1.36198518464672e+00
   1.33449774101361e+00
   1.31078813055070e+00
   1.28981785685008e+00
   1.27144862845319e+00
   1.25542848330204e+00
   1.24132667743316e+00
   1.22869328561320e+00
   1.21715485194426e+00
   1.20642838909454e+00
   1.19630392780518e+00
   1.18662410336859e+00
   1.17726911591008e+00
   1.16814821138021e+00
   1.15919712754830e+00
   1.15038002926007e+00
   1.14169265913797e+00
   1.13316134003214e+00
   1.12483299363110e+00
   1.11675699553032e+00
   1.10896699992479e+00
   1.10147170900502e+00
   1.09425650189726e+00
   1.08729103300097e+00
   1.08053717457246e+00
   1.07395467830701e+00
   1.06750449821952e+00
   1.06115060118762e+00
   1.05486098653433e+00
   1.04860831607380e+00
   1.04237032860582e+00
   1.03613008882092e+00
   1.02987604069108e+00
   1.02360177928328e+00
   1.01730545164766e+00
   1.01098877893639e+00
   1.00465583412431e+00
   9.98311822442940e-01
   9.91962107864672e-01
   9.85611609659854e-01
   9.79264545784311e-01
   9.72924412230648e-01
   9.66594079828560e-01
   9.60275927378056e-01
   9.53971971347091e-01
   9.47683978366924e-01
   9.41413557511449e-01
   9.35162231797911e-01
   9.28931488255571e-01
   9.22722805987495e-01
   9.16537662524554e-01
   9.10377520205884e-01
   9.04243795908543e-01
   8.98137818840522e-01
   8.92060782046310e-01
   8.86013693581944e-01
   8.79997332926826e-01
   8.74012217160820e-01
   8.68058579914441e-01
   8.62136364350782e-01
   8.56245229742515e-01
   8.50384569810950e-01
   8.44553540054824e-01
   8.38751090863820e-01
   8.32976003237770e-01
   8.27226924303628e-01
   8.21502400399868e-01
   8.15800906153468e-01
   8.10120868612524e-01
   8.04460686065305e-01
   7.98818741663313e-01
   7.93193412395833e-01
   7.87583074386414e-01
   7.81986105964566e-01
   7.76400890584870e-01
   7.70825822496525e-01
   7.65259319170666e-01
   7.59699845890733e-01
   7.54145959533169e-01
   7.48596380171277e-01
   7.43050100194915e-01
   7.37506540197130e-01
   7.31965757467035e-01
   7.26428704693978e-01
   7.20897521814572e-01
   7.15375822828419e-01
   7.09868915589252e-01
   7.04383875235534e-01
   6.98929394793418e-01
   6.93515371653878e-01
   6.88152255685636e-01
   6.82850262535868e-01
   6.77618607678926e-01
   6.72464912997299e-01
   6.67394877825702e-01
   6.62412222078856e-01
   6.57518840968654e-01
   6.52715081837036e-01
   6.48000060906632e-01
   6.43371963778111e-01
   6.38828301294639e-01
   6.34366112925321e-01
   6.29982121430033e-01
   6.25672847318099e-01
   6.21434692311646e-01
   6.17263999860541e-01
   6.13157099043518e-01
   6.09110336568813e-01
   6.05120100293214e-01
   6.01182836748621e-01
   5.97295064560812e-01
   5.93453385311080e-01
   5.89654493280998e-01
   5.85895185599501e-01
   5.82172374551002e-01
   5.78483104164417e-01
   5.74824573614008e-01
   5.71194170289643e-01
   5.67589515409437e-01
   5.64008524415169e-01
   5.60449482691825e-01
   5.56911134001856e-01
   5.53392774313513e-01
   5.49894337953536e-01
   5.46416457706405e-01
   5.42960478034143e-01
   5.39528403649557e-01
   5.36122775651079e-01
   5.32746482911645e-01
   5.29402532751058e-01
   5.26093815880475e-01
   5.22822901615564e-01
   5.19591890164665e-01
   5.16402333569259e-01
   5.13255221630981e-01
   5.10151018606725e-01
   5.07089732252531e-01
   5.04070997885159e-01
   5.01094164180633e-01
   4.98158372234756e-01
   4.95262623575158e-01
   4.92405835788638e-01
   4.89586886229226e-01
   4.86804645174183e-01
   4.84058000111458e-01
   4.81345872829446e-01
   4.78667230811369e-01
   4.76021094214395e-01
   4.73406539490274e-01
   4.70822700502650e-01
   4.68268767823567e-01
   4.65743986747629e-01
   4.63247654443988e-01
   4.60779116569935e-01
   4.58337763591952e-01
   4.55923026997526e-01
   4.53534375531216e-01
   4.51171311549222e-01
   4.48833367556100e-01
   4.46520102963772e-01
   4.44231101095175e-01
   4.41965966441691e-01
   4.39724322173949e-01
   4.37505807898815e-01
   4.35310077650901e-01
   4.33136798104032e-01
   4.30985646986513e-01
   4.28856311683370e-01
   4.26748488008720e-01
   4.24661879131871e-01
   4.22596194641528e-01
   4.20551149733444e-01
   4.18526464507908e-01
   4.16521863364610e-01
   4.14537074483502e-01
   4.12571829381399e-01
   4.10625862535065e-01
   4.08698911062524e-01
   4.06790714455203e-01
   4.04901014354352e-01
   4.03029554365906e-01
   4.01176079908631e-01
   3.99340338090979e-01
   3.97522077612593e-01
   3.95721048686884e-01
   3.93937002981488e-01
   3.92169693573777e-01
   3.90418874918905e-01
   3.88684302828146e-01
   3.86965734455504e-01
   3.85262928290808e-01
   3.83575644157649e-01
   3.81903643214731e-01
   3.80246687959281e-01
   3.78604542231358e-01
   3.76976971217969e-01
   3.75363741456006e-01
   3.73764620833150e-01
   3.72179378585901e-01
   3.70607785294045e-01
   3.69049612870886e-01
   3.67504634548644e-01
   3.65972624858507e-01
   3.64453359604825e-01
   3.62946615833041e-01
   3.61452171790924e-01
   3.59969806882784e-01
   3.58499301616302e-01
   3.57040437541694e-01
   3.55592997182915e-01
   3.54156763960618e-01
   3.52731522106632e-01
   3.51317056569668e-01
   3.49913152912021e-01
   3.48519597196976e-01
   3.47136175866652e-01
   3.45762675609974e-01
   3.44398883220455e-01
   3.43044585443434e-01
   3.41699568812377e-01
   3.40363619473811e-01
   3.39036523000414e-01
   3.37718064191722e-01
   3.36408026861859e-01
   3.35106193613647e-01
   3.33812345598342e-01
   3.32526262260216e-01
   3.31247721065109e-01
   3.29976497212016e-01
   3.28712363326716e-01
   3.27455089136429e-01
   3.26204441124474e-01
   3.24960182163972e-01
   3.23722071129769e-01
   3.22489862487996e-01
   3.21263305863111e-01
   3.20042145582850e-01
   3.18826120202453e-01
   3.17614962010784e-01
   3.16408396522712e-01
   3.15206141964456e-01
   3.14007908761665e-01
   3.12813399043933e-01
   3.11622306184365e-01
   3.10434314398860e-01
   3.09249098436978e-01
   3.08066323404604e-01
   3.06885644767945e-01
   3.05706708598322e-01
   3.04529152127065e-01
   3.03352604688746e-01
   3.02176689137399e-01
   3.01001023822772e-01
   2.99825225209688e-01
   2.98648911211189e-01
   2.97471705282943e-01
   2.96293241291000e-01
   2.95113169116827e-01
   2.93931160903995e-01
   2.92746917783427e-01
   2.91560176844608e-01
   2.90370718056436e-01
   2.89178370792378e-01
   2.87983019588492e-01
   2.86784608765974e-01
   2.85583145584392e-01
   2.84378701655957e-01
   2.83171412438668e-01
   2.81961474728595e-01
   2.80749142179093e-01
   2.79534718979601e-01
   2.78318551922699e-01
   2.77101021172169e-01
   2.75882530114565e-01
   2.74663494729888e-01
   2.73444332949678e-01
   2.72225454478106e-01
   2.71007251528835e-01
   2.69790090874711e-01
   2.68574307520538e-01
   2.67360200197655e-01
   2.66148028754047e-01
   2.64938013388580e-01
   2.63730335566385e-01
   2.62525140364925e-01
   2.61322539943619e-01
   2.60122617805300e-01
   2.58925433522710e-01
   2.57731027631576e-01
   2.56539426436260e-01
   2.55350646527001e-01
   2.54164698862846e-01
   2.52981592326530e-01
   2.51801336703579e-01
   2.50623945075921e-01
   2.49449435649972e-01
   2.48277833060681e-01
   2.47109169207429e-01
   2.45943483685873e-01
   2.44780823883202e-01
   2.43621244803739e-01
   2.42464808688477e-01
   2.41311584486727e-01
   2.40161647231373e-01
   2.39015077361718e-01
   2.37871960030178e-01
   2.36732384421341e-01
   2.35596443104633e-01
   2.34464231435060e-01
   2.33335847010581e-01
   2.32211389189516e-01
   2.31090958667273e-01
   2.29974657108362e-01
   2.28862586827376e-01
   2.27754850511021e-01
   2.26651550972518e-01
   2.25552790929489e-01
   2.24458672796774e-01
   2.23369298486311e-01
   2.22284769207189e-01
   2.21205185260092e-01
   2.20130645821582e-01
   2.19061248714833e-01
   2.17997090164601e-01
   2.16938264535222e-01
   2.15884864051399e-01
   2.14836978502248e-01
   2.13794694929804e-01
   2.12758097303609e-01
   2.11727266183492e-01
   2.10702278372867e-01
   2.09683206565151e-01
   2.08670118986015e-01
   2.07663079034329e-01
   2.06662144924721e-01
   2.05667369334785e-01
   2.04678799060029e-01
   2.03696474679816e-01
   2.02720430237667e-01
   2.01750692939499e-01
   2.00787282873673e-01
   1.99830212757003e-01
   1.98879487711332e-01
   1.97935105075773e-01
   1.96997054260321e-01
   1.96065316647263e-01
   1.95139865547617e-01
   1.94220666220789e-01
   1.93307675966631e-01
   1.92400844300202e-01
   1.91500113220653e-01
   1.90605417586770e-01
   1.89716685612727e-01
   1.88833839498398e-01
   1.87956796209046e-01
   1.87085468419124e-01
   1.86219765634148e-01
   1.85359595502776e-01
   1.84504865328204e-01
   1.83655483783346e-01
   1.82811362827810e-01
   1.81972419816135e-01
   1.81138579775982e-01
   1.80309777821989e-01
   1.79485961656071e-01
   1.78667094088575e-01
   1.77853155497902e-01
   1.77044146130199e-01
   1.76240088127323e-01
   1.75441027162511e-01
   1.74647033561156e-01
   1.73858202790945e-01
   1.73074655222806e-01
   1.72296535092315e-01
   1.71524008629906e-01
   1.70757261375139e-01
   1.69996494742076e-01
   1.69241921954334e-01
   1.68493763514352e-01
   1.67752242406284e-01
   1.67017579251306e-01
   1.66289987635454e-01
   1.65569669813175e-01
   1.64856812956587e-01
   1.64151586075392e-01
   1.63454137680870e-01
   1.62764594215274e-01
   1.62083059220669e-01
   1.61409613182632e-01
   1.60744313956794e-01
   1.60087197670396e-01
   1.59438279986051e-01
   1.58797557618900e-01
   1.58165010008774e-01
   1.57540601063446e-01
   1.56924280905254e-01
   1.56315987569536e-01
   1.55715648618152e-01
   1.55123182644202e-01
   1.54538500654486e-01
   1.53961507324322e-01
   1.53392102125268e-01
   1.52830180330379e-01
   1.52275633904183e-01
   1.51728352286061e-01
   1.51188223076298e-01
   1.50655132634130e-01
   1.50128966596801e-01
   1.49609610328077e-01
   1.49096949304025e-01
   1.48590869443140e-01
   1.48091257387267e-01
   1.47598000739041e-01
   1.47110988261027e-01
   1.46630110041143e-01
   1.46155257628506e-01
   1.45686324143344e-01
   1.45223204364264e-01
   1.44765794795807e-01
   1.44313993718888e-01
   1.43867701226461e-01
   1.43426819246486e-01
   1.42991251554045e-01
   1.42560903774265e-01
   1.42135683377498e-01
   1.41715499668064e-01
   1.41300263767702e-01
   1.40889888594736e-01
   1.40484288839838e-01
   1.40083380939171e-01
   1.39687083045586e-01
   1.39295314998449e-01
   1.38907998292602e-01
   1.38525056046895e-01
   1.38146412972641e-01
   1.37771995342304e-01
   1.37401730958671e-01
   1.37035549124704e-01
   1.36673380614250e-01
   1.36315157643715e-01
   1.35960813844814e-01
   1.35610284238439e-01
   1.35263505209706e-01
   1.34920414484180e-01
   1.34580951105275e-01
   1.34245055412818e-01
   1.33912669022739e-01
   1.33583734807831e-01
   1.33258196879531e-01
   1.32936000570653e-01
   1.32617092418996e-01
   1.32301420151748e-01
   1.31988932670601e-01
   1.31679580037484e-01
   1.31373313460830e-01
   1.31070085282264e-01
   1.30769848963637e-01
   1.30472559074288e-01
   1.30178171278447e-01
   1.29886642322673e-01
   1.29597930023229e-01
   1.29311993253300e-01
   1.29028791929940e-01
   1.28748287000672e-01
   1.28470440429622e-01
   1.28195215183115e-01
   1.27922575214620e-01
   1.27652485448970e-01
   1.27384911765762e-01
   1.27119820981860e-01
   1.26857180832921e-01
   1.26596959953879e-01
   1.26339127858305e-01
   1.26083654916618e-01
   1.25830512333058e-01
   1.25579672121424e-01
