  -1.76373041878940e-01  -1.92909454380927e-01  -1.45006732486809e-01  -2.13674445766880e-01  -1.54884635838143e-01  -2.01820163694367e-01  -6.28064890281403e-02  -1.68710821006069e-01  -2.01344467180025e-01   2.41395825731186e-01  -1.05718174676584e-03  -1.48156836803664e-01  -1.49680616864598e-01  -1.98948505040193e-01  -1.75430337794739e-01   1.71512986949789e-01  -2.25726365103664e-01
   1.20374463343689e-01   8.90246348228911e-02  -4.61655294606729e-02   1.36793105210990e-01  -5.20313503403208e-02  -1.51223911978716e-01  -1.28007872295143e-01  -3.02256812624426e-02   5.78107132261446e-02   7.75585381928504e-02   4.36680278485844e-03  -3.34582699030564e-02  -9.87156842236687e-02   1.64240384144219e-01   9.67667517303534e-02  -2.15957116807234e-01   1.43070510967236e-01
  -2.11692259598872e-01  -1.14624519727115e-01  -2.21678859545435e-01  -2.65337455747526e-01  -8.19867836690796e-02   1.84710036658908e-01  -4.06076657995659e-02  -1.62829117245879e-01  -1.56024857795121e-01  -2.03213586949508e-01  -1.79161331692953e-03   2.80360930904788e-01   2.11319435346144e-01  -1.20491031026940e-01  -5.10968374902035e-01   3.39783379959216e-01   2.21783489996758e-02
   2.74106409160403e-01   2.72293321652381e-01   2.83620080208278e-01   3.19472532837605e-01   2.76131277068038e-01   2.26792691860275e-01   1.95120746770033e-01   3.02947740359992e-01   3.07205508743553e-01   1.67609315943197e-02   2.65011114353080e-03  -1.60957483835241e-01   1.78121590844780e-01   1.99079980526250e-01   5.42421593488171e-01  -5.37325698938044e-02   1.20863034446731e-01
  -2.80239752230436e-01  -1.87007999785698e-01  -2.12155809697267e-01  -3.30326194254073e-01  -1.20360489066454e-01   4.11075533691108e-02   2.49555739726092e-01  -1.81934239739856e-01  -1.78336691920319e-01  -2.14137649655073e-01  -3.47784492367392e-03  -1.53184246202883e-01   2.08159966404885e-01  -3.30402124784386e-01  -1.44230367440074e-02   8.03442645439969e-02  -2.80788517858872e-01
   2.38062333344666e-01   5.70036973666170e-02   2.38877270255848e-01  -1.16596004927297e-02   3.46699575410478e-01   1.41825226592915e-01  -2.28018124402232e-02   1.18139832567052e-01   3.09587486489720e-01  -1.74172133666462e-01  -3.58872598714597e-03   8.38204223637165e-02   2.11367598226682e-01  -4.78253886765439e-02  -2.69645740730546e-02   2.20601630317365e-01   5.87074285927969e-02
  -1.97226917053376e-01  -1.82022403020101e-01  -2.11307639473438e-01  -1.98180965927289e-01  -2.11496139397649e-01  -2.08692948093279e-01   1.64868041751400e-01  -2.21509980509134e-01  -2.09313818543817e-01  -8.92281532061119e-02   2.62414069932444e-03  -2.17861659634090e-01  -3.29260426922773e-01  -1.15021560445699e-01   3.32006731622992e-01   9.00171171289884e-03  -1.22172873548288e-01
   1.34922575742154e-01   1.42064397395395e-01   1.75552823074664e-01   1.35147662782508e-01   1.78134138838855e-01   2.37353765042234e-01   5.75292591116968e-02   2.05259385309014e-01   1.39368965417195e-01   5.22253747448152e-02  -3.74313588458513e-03   4.94093946660523e-02   2.51705275819874e-01   6.20880746223082e-02  -1.43525589117229e-01   6.19327723109091e-02   5.63056639938867e-02
  -6.85972210339724e-02   9.24024802436246e-03  -5.34688767132586e-02  -8.27760637834107e-02  -3.97857256238484e-02  -6.87935332418255e-02  -1.96617208610095e-01  -3.97451057829861e-02  -3.11016270732770e-02   1.24752228156637e-01   2.47288572060865e-05  -5.60960941194302e-02  -1.56953840311834e-01  -3.89506993043984e-02   1.35177506216902e-01   1.14500208231031e-01  -4.91114469322140e-02
  -6.55455307845124e-02   6.80115165379105e-02  -6.60237762980801e-04  -1.42091945791431e-01  -4.19833043618764e-02   8.91977382877427e-02   8.58173294927871e-02  -5.05663085924188e-02   8.54344415351514e-02   2.82027647874752e-01  -1.10436413091610e-02   1.20142246529854e-01   2.06925809292438e-01  -6.16840559975247e-02  -5.56651155089819e-02   9.87966815244138e-02   9.96895329212256e-02
   1.76565630241049e-01   1.46041036558377e-01   2.28142106138504e-01   2.02774066286888e-01   2.19982124178904e-01   1.21638402220357e-01   1.57770951475598e-01   2.14685590112665e-01   1.42438516208516e-01  -1.33105186263800e-01   2.67497124458040e-03   1.11993992108315e-01   1.12963094510836e-01   1.96092519977465e-01   3.27118710045338e-01  -8.48317084904810e-02   1.89950334712918e-01
  -1.55988357048645e-01  -1.80733768606602e-01  -1.10016138599532e-01  -2.04727496932274e-01  -2.01295873993418e-01  -1.76297909499706e-01  -2.26307437438043e-01  -1.48305793152602e-01  -2.25917182148250e-01   2.17367659017331e-03  -6.15132890944552e-03  -3.93129283765695e-01  -6.00054606465359e-02  -1.72340976135476e-01   1.52077653565893e-01  -2.94071130623283e-01  -1.98794113174801e-01
  -4.78472315833129e-02  -2.34911253277171e-01  -1.95992082102659e-01  -1.86464051915999e-01  -6.58802978499917e-02  -4.23475116665295e-01   5.50008301449155e-01  -2.53962636711742e-01  -7.54637295585383e-02  -1.27179554738679e-01  -3.61343987275728e-03  -3.70176825580303e-01  -1.30857967837288e+00  -1.56847692549867e-01   2.60152187425217e-01   1.17606153273163e-01  -1.49581651772574e-01
   3.86656046518745e-01   4.17188813256048e-01   4.86594972316526e-01   3.49469509326674e-01   5.52285191094104e-01   5.81551753385273e-01   1.25214412341534e+00   4.63948540320876e-01   4.95253178495996e-01   2.30829306408699e-01   2.44632428215680e-04  -1.27585095105578e-02   2.28459579850839e-01   2.65980756057647e-01  -2.90481470579540e-01  -1.36764712384686e+00   2.22317161716770e-01
  -1.73286771267497e-01  -2.00636275363682e-01  -2.26311243733716e-01   1.53514377961264e-01  -2.16143893548821e-01  -1.70659947437328e-01  -2.12746475075835e-01  -1.82021009543862e-01  -2.01443065821150e-01  -8.18034327442635e-02   1.35895726735681e-02   2.29432400663955e-02   5.78492287842356e-02  -1.30658940828513e-01   2.43672059444707e-01  -2.57180453161991e-01  -1.83290830648772e-01
   2.66151798949837e-01   2.52468425054955e-01   2.13042803550151e-01   2.74052347021104e-01   2.75525129860586e-01   2.10903773404838e-01   1.03621811440441e-01   2.20213878406254e-01   2.20135865064573e-01   1.11846331901748e-01   1.76143617083111e-02   2.43634131806574e-01   2.21882844422983e-01   2.94840595270699e-01  -1.19358190311331e+00  -2.52352177589125e-02   2.40940223004829e-01
   1.33945008001225e-01   3.03595036751138e-02   6.34123035189064e-02   1.61288950261353e-01   6.22662691916756e-02  -8.30393283884621e-05   2.27497256050019e-01   6.47425468671942e-02   7.14561500837110e-02  -2.01189594783918e-01  -1.81175939709511e-03   2.18156645053914e-01   1.68949709100146e-02   1.65974977931543e-01   1.74435677163176e-01   1.31792259012235e-01   2.06776922722669e-01
   1.35607790557997e-01   3.66179373802028e-01   3.47822136671294e-01   3.77111133635232e-01   2.60066321204965e-01   5.57470631796988e-01  -5.04279659735327e-01   4.85987965990718e-01   1.62184296970280e-01   2.48892697388731e+00  -1.98053928245247e-02   2.87320651235316e-01   1.35157048630828e+00   2.23644751200501e-01  -1.65168963900891e-01  -2.07133453583993e+00   1.68251647610623e-01
   9.23230395926374e-02   2.04525452068382e-01   6.68178691950055e-02   1.56642412483008e-01   6.78900833129990e-02   1.28759917539702e-01   2.91891430693097e-01   1.00044235413534e-01   2.40131335658180e-01  -2.12995874329615e-01  -1.93423993677315e-02   2.93901947628524e-01  -1.63175174499870e-01   5.20878490056497e-02   8.08120415849938e-02   1.50314566501020e-01   1.14790587828930e-01
  -1.94882382684378e-01  -2.14206660872132e-01  -1.40103260576860e-01  -2.94119723565346e-01  -8.06628610631359e-02   5.62467186481571e-02  -5.46555986098760e-03  -2.01288010256017e-02  -1.83957241846470e-01  -1.87171140381590e-01   2.65740913924272e-03  -5.18228680198811e-01  -2.54404793892346e-02  -2.36687920238752e-01  -3.51715087997207e-01   9.39726770617069e-02  -2.68291990915999e-01
   2.69934321535835e-01   3.36444860934124e-01   2.11193180122621e-01   3.37951749210835e-01   1.90187524666509e-01   1.99092168888194e-01   2.76237837669766e-01   2.36160971365342e-01   3.13026830351791e-01  -1.96962522103731e-01  -7.16832768827229e-04   2.83873409428815e-01   1.07458731143427e-02   2.12717534072928e-01   1.51434471612175e-01   1.10888389101565e-01   1.97236400379660e-01
  -3.38516482853726e-01  -3.60040460021574e-01  -3.79911546606139e-01  -2.08338432651397e-01  -4.53453170666474e-01  -4.71528166672198e-01  -8.61041244451042e-02  -3.92225287017930e-01  -3.92209556306254e-01   1.13242308883075e-01   2.59926603110221e-03  -4.21546557665118e-01  -3.60754876308587e-02  -2.57298375783159e-01  -2.73824564295981e-02  -7.89192355764698e-02  -3.25096865514143e-01
   7.71005837594758e-02  -1.99231608405447e-01  -3.29779677993869e-03   1.41629727111953e-01   2.23403170282763e-01  -8.05910318352535e-02   1.00372574522108e+00  -3.31369133270422e-02   2.68582151948741e-02  -4.26535937750356e-02   8.11683547507468e-03  -1.77045775147449e-01  -1.36488899702941e+00  -4.46103622479025e-02   6.54782462400233e-01  -2.24885183918278e+00  -2.81637044029023e-01
   2.00224964445145e-01   2.67191901609585e-01   2.24451487253971e-01   2.65424673639820e-01   6.37932516699381e-03   1.52777414428617e-02   3.44396774569894e-01   2.06466440934780e-01   2.35607831527422e-01  -1.69320987808554e-02   9.65694450714567e-03   1.48696003299881e-01   4.54846096808919e-01   1.20065169770000e-01   1.02605989462185e-01   8.26263434818012e-02   2.43822134189584e-01
  -1.53768150058642e-01  -1.66181251950641e-01  -1.21858591779786e-01  -1.82744818415789e-01   9.12218776967783e-02   7.73801613495416e-02   4.65372827615853e-02  -1.09107356700503e-01  -1.48349800297398e-01  -1.81093193781394e-01   9.90478122594268e-04  -2.65356930720533e-01  -4.06453067379634e-01  -1.81554073811327e-01  -1.45535697730647e-01   2.34207915527151e-02  -1.78202943420849e-01
   3.66849239293411e-01   4.48863238704727e-01   4.47000204456279e-01   3.94294553279829e-01   4.15660422682171e-01   4.93443433135232e-01   5.84614520276827e-01   4.11778941246563e-01   4.32139039308313e-01   1.30930533304315e-01   6.66392134828762e-03  -1.78529162253645e-01   5.67116257014876e-01   2.80457618495034e-01  -4.34289112484592e-01  -8.08130377937146e-01   3.22301697903886e-01
   5.82374895656791e-02   1.08662382789957e-01   9.79928208598498e-02  -2.60350573888836e-02   1.27608124302746e-01   2.64393427601440e-01  -7.15997430362906e-02   9.71954833824187e-02   1.24628176257676e-01   4.29557991675295e-02   1.01563489624528e-03  -2.14036899169468e-02   2.30735230719587e-01  -7.04360258157441e-03  -2.90816136422643e-01   1.14572149214644e-01  -4.37864266636254e-02
   2.80734302942332e-01   2.35330688822963e-01   2.45095150686943e-01   1.62428611902406e-01   3.01941780999050e-01   2.72072614125053e-01   4.89155119682435e-02   1.90192941573897e-01   3.23599412400077e-01   1.16394016382700e-01  -1.44881918219327e-02   2.46752028088258e-03  -1.45556239180273e-01   1.63687777220744e-01  -4.58023171012293e-01   2.28031736589459e-01   1.36020383175601e-01
  -3.30896553122435e-02   8.45745828281854e-02   9.62221459582536e-02   1.48075128600308e-01   1.84076237209737e-02   1.72445707805088e-01   9.41429931374539e-02   3.23904939590742e-02   2.63598996294077e-02   2.02992532229758e-02   7.29760623863004e-03  -6.56013404490634e-05   3.40144653850851e-01   5.64457343760379e-02  -1.55119548016348e-01   2.71265129334126e-01   7.74781965402654e-02
  -2.98685839976156e-02   3.78255848003202e-02  -9.15305763345790e-02   9.91265004291492e-02  -1.21015588536036e-02   3.86453345393566e-03   1.27541088265557e-01   9.00800933822597e-03  -4.81110512137537e-02   3.29862709143324e-03  -2.14893726862039e-02   2.97894063635338e-01   1.50771286905544e-01   8.47890832451764e-02  -1.78193262204531e-01   1.56379166544960e-01   2.66257596932015e-02
   4.40370644253705e-02   4.00852408274349e-02  -3.47116362353178e-02   6.65018207209464e-02   1.46873729630058e-02  -4.77864575604665e-02   2.49223814254628e-01  -5.75378604432164e-02   3.51390753623780e-02  -9.48430455934541e-02  -4.86152289753824e-03   1.00805985465256e-01  -2.32026945822763e-01   1.43167855460700e-01   3.43413862782016e-01  -1.84595086631094e-01   1.31751860469427e-01
   1.00804682780945e-01   2.64402035824284e-01   1.78068339305890e-01   1.95333715916901e-01   1.55293526929178e-02   2.22932774980747e-01   1.67372445063787e-01   1.83889321052259e-01   1.28265716797207e-01   1.02445690501398e-02  -2.28459390700001e-04   2.72733821411816e-01   1.25079155843269e-02   2.51952688147292e-01  -2.49923407059643e-01   2.35971830520748e-01   2.98782073327509e-01
  -1.30419752552492e-01  -4.84926509829014e-01  -3.27198070077660e-02   1.42437538403067e-01  -9.16187170069258e-02  -8.17471785160535e-02  -3.50941968234006e-02  -3.04417906272334e-02  -3.16141768202364e-01  -2.23283472683451e-02   1.39171141649935e-02  -1.06465159545526e-01   7.05535266030559e-02   2.04949486790045e-01   2.66202119447310e-01   1.10290493871013e-02   1.15667009626557e-01
  -3.72750316193095e-01  -7.49335354053292e-02  -2.50799202858393e-01  -2.40816557172305e-01  -2.65762404943906e-01  -5.82350377349145e-02  -7.14063581134180e-02  -1.73155496514437e-01  -2.37173460268101e-01   1.79504075955942e-01  -1.28564227221853e-02  -2.15176786827237e-02   1.06702776120671e-01  -7.21043058757030e-02   4.84394377767544e-02   9.28737369657723e-02  -1.10304638128603e-01
  -3.69885590356215e-01  -1.86059598182672e-01  -1.80932128180604e-01  -2.72446471225644e-01  -6.29917245284943e-01  -5.16880772479304e-01  -4.20245090304291e-01  -2.28896389110281e-01  -4.26103274773527e-01   1.30515802718108e+00  -3.02629119733444e-03  -1.57225742270687e+00   9.63328176122917e-01  -2.45007857453953e-01   5.23318070874618e-01   7.92168227393771e-02   2.20054152634210e-01
   1.70153934204553e-01   1.65395369863076e-01   1.95413758100438e-01   1.45317629731919e-01   9.52032059184713e-02   1.18785144632166e-02  -1.71376380273290e-01   1.62287028087376e-01   1.73125000002587e-01   2.90804202368457e-01   1.06867717167604e-02  -5.84501858029806e-02   2.58104930793371e-01   1.11620619854257e-01   1.03454665756464e-02  -1.39475029833821e-01   4.89172402370721e-02
   1.70131714798558e-01   1.80495380304006e-01   2.34495308565139e-01   1.89131675566365e-01   2.24499336570457e-01   2.20092499613483e-01   4.87314930479374e-02   2.03359736546867e-01   1.79963079846748e-01   5.84664348925198e-02  -1.39624575666399e-02  -4.84406588229010e-02   5.62952270027992e-01   1.96143700245912e-01   4.45578032027743e-01  -9.85695360843142e-02   1.42313122717106e-01
   4.86487072690241e-02   8.18443451116848e-02   1.96459800525817e-02   8.03036146961839e-02   5.97043364345367e-02  -8.21852326913869e-02   2.16164654035593e-01  -2.76555002705813e-03   4.84787224713700e-02   3.65079594748015e-02   1.24353939524425e-02  -1.58350400961384e-01  -1.38290581065671e-03   4.84363902964582e-02   1.76161372408526e-01  -8.69350323481083e-03  -1.25684113280602e-02
  -1.01626852400021e-01  -1.10194671754890e-01  -1.07657985508252e-02  -1.10341454944060e-01   1.17325896762154e-01   2.09305545014837e-01   1.86569801024905e-01  -4.89733597000099e-02  -1.48932661891757e-01   1.91026060591854e-01  -1.08972042263695e-02  -4.86980848062742e-01   2.19595284246312e-01  -6.49360542804381e-02   6.33669279346700e-02  -3.15320143928154e-01  -2.11560218132602e-01
  -3.40288767894902e-02   1.60702356896879e-02  -2.09563115113999e-01   5.15056425042795e-02  -2.85986957415832e-01  -3.49416467390502e-01  -2.02929550494266e-01  -1.67684453825670e-01  -8.39551369909091e-02  -6.17175272995242e-02  -9.24235757478641e-03  -1.09025290658997e-01  -1.32519360198152e-01   1.26690307312080e-02   4.02998139697020e-02  -3.18472762981921e-01  -2.63481824806843e-02
  -4.87441148038533e-02   4.91738931577288e-02   1.12653059848009e-01   1.27739490732763e-01  -4.33056393366206e-01  -1.29205405422526e-01  -8.79516684018427e-01   4.17853886187108e-02  -9.80158400964697e-02   2.07477158488045e+00  -9.46864474127489e-04  -1.32413639562948e+00   1.28400143174129e+00  -3.52312380017608e-03   2.08084856130273e-01  -8.52659796912448e-01   4.27034865550287e-01
   4.11030537275496e-01   2.83564545586424e-01   4.20971872127190e-01   9.83155160699341e-02   5.91275143838783e-01   4.04665492521419e-01   1.51838475289851e-01   3.31024602961448e-01   5.06074245003457e-01  -1.28790435391198e-01   3.19908904161145e-04   1.29158476436636e-02  -4.25722246600237e-01   1.14986546018768e-01  -2.81168361894919e-01   4.15205107114912e-01   8.41351756006708e-02
  -1.76867053072421e-01  -8.85697541545951e-02  -1.50733797191601e-01  -2.62015334188128e-01  -1.48318856701572e-01  -4.84372320517104e-02  -2.57108631393114e-01  -1.04732436208845e-01  -1.26414574206891e-01   2.14921891938525e-01   8.68704720617714e-03  -2.14664591394968e-01  -2.06492425712936e-01  -1.66485562919995e-01  -1.92853771108022e-01  -2.14209020443867e-01  -2.00938326438602e-01
   1.03830975344913e-01   1.31080835267396e-01   1.32728159412152e-01   4.21162092173979e-02   2.15261406899690e-01   2.39878156789781e-01   7.53782578773030e-02   1.64518482690692e-01   1.42853543613837e-01   1.51632692064588e-01  -1.04733410896086e-02   5.41942871685409e-02   1.58445208828615e-01   1.08133737790283e-02  -7.22794293793838e-02   1.71641741282996e-01  -1.51408272820090e-02
  -3.15137529518593e-01  -4.33843279606564e-01  -3.40061895769098e-01  -1.42153928772037e-01  -9.67470376895927e-02  -3.52946503711227e-01   1.91872571187734e+00  -3.94043032347947e-01  -3.67135807192444e-01  -2.06168612863573e-01  -7.82471726913367e-03  -9.09316858217926e-02  -7.43395247771587e-01  -3.09398406583788e-01   3.55729575213748e-01  -8.89864134093463e-01  -4.38463888869374e-01
   2.55540816854499e-01   1.71781429460977e-01   2.49576088174760e-01   1.47307513750954e-01   3.91063823456540e-01   3.97020553348926e-01   1.27955354806710e-01   2.95546700255657e-01   2.54461672128034e-01   2.66211276684986e-01  -5.21763624929173e-03   9.37101572795226e-01   1.50936716735626e-01   1.94003046129652e-01  -5.01135810371675e-01   2.37006613442947e-01   1.85561608992554e-01
  -8.81458321774588e-02   3.59854177073104e-01   2.83045325329621e-01  -3.30772003332008e-02   2.75869788167477e-01   5.42761888622046e-01  -1.48361895867226e-01   4.65082580638967e-01  -3.58364007649561e-02  -4.83872904915120e-02  -4.10358045043447e-04   2.98502252848726e-01  -1.02721835982277e-02  -8.97293755445036e-03  -7.18934792280148e-01   1.49757559682820e-01  -4.17133258277875e-01
   2.87822606355061e-01   2.34381498804734e-01   2.74217115529595e-01   3.55700214225786e-01   3.28796310060439e-01   3.07999356622838e-01  -3.24657590405061e-02   2.92272513983580e-01   2.68847253355494e-01  -1.32597873499413e-01  -2.19402686273916e-03   3.90457863830259e-01   1.52036305551683e-01   3.54739017163705e-01  -8.00283035977862e-02   1.38949104491270e-01   4.29503569911179e-01
  -1.51172589889909e-01  -1.50132951041480e-01  -3.38616000333372e-01  -1.37805820263575e-01  -3.27425743232149e-01  -3.18973319430382e-01  -4.93721332188042e-02  -3.48906531165165e-01  -1.63055223826794e-01   2.60242625872161e-02  -1.19385337942537e-03  -3.11167989183888e-02  -3.57261013290180e-01  -1.11505290474730e-01   3.97953614754892e-02   1.55350251042114e-01  -7.56180411604136e-02
  -4.03967175575705e-01  -5.57171408776229e-01  -4.09611428467152e-01  -2.69336851427404e-01  -4.27666150562224e-01  -4.49284546027278e-01   7.75720262130908e-02  -4.53062486569725e-01  -4.91842309114497e-01  -1.54789711796524e-01  -5.18416300687175e-03  -6.48268512564288e-01  -1.99030351409919e-01  -3.29628324349996e-01   4.45516099979380e-01  -2.48969575979175e-01  -3.30029894824740e-01
